# x, y, z, A
0.01	0.01	0.005	0.0817842710018
0.03	0.01	0.005	0.0463178315863
0.05	0.01	0.005	0.0285735546097
0.07	0.01	0.005	0.0185652227328
0.09	0.01	0.005	0.0124821490158
0.11	0.01	0.005	0.00860038822452
0.13	0.01	0.005	0.00603737932619
0.15	0.01	0.005	0.00430141718976
0.17	0.01	0.005	0.00310193587985
0.19	0.01	0.005	0.00225966826983
0.21	0.01	0.005	0.00166028921863
0.23	0.01	0.005	0.00122893593949
0.25	0.01	0.005	0.000915511845241
0.27	0.01	0.005	0.000685879823043
0.29	0.01	0.005	0.000516417099746
0.31	0.01	0.005	0.000390559243459
0.33	0.01	0.005	0.000296557240518
0.35	0.01	0.005	0.000225993644433
0.37	0.01	0.005	0.000172784380968
0.39	0.01	0.005	0.000132497360205
0.41	0.01	0.005	0.000101881304046
0.43	0.01	0.005	7.85361815611e-05
0.45	0.01	0.005	6.06803253807e-05
0.47	0.01	0.005	4.69843531674e-05
0.49	0.01	0.005	3.64517506967e-05
0.51	0.01	0.005	2.83323651112e-05
0.53	0.01	0.005	2.20593144733e-05
0.55	0.01	0.005	1.72026919463e-05
0.57	0.01	0.005	1.34354031864e-05
0.59	0.01	0.005	1.05078276004e-05
0.61	0.01	0.005	8.22893578255e-06
0.63	0.01	0.005	6.45215710708e-06
0.65	0.01	0.005	5.06476018247e-06
0.67	0.01	0.005	3.97984341905e-06
0.69	0.01	0.005	3.13027339712e-06
0.71	0.01	0.005	2.46408262508e-06
0.73	0.01	0.005	1.94096480116e-06
0.75	0.01	0.005	1.52959824948e-06
0.77	0.01	0.005	1.2055962513e-06
0.79	0.01	0.005	9.49933258027e-07
0.81	0.01	0.005	7.47733259396e-07
0.83	0.01	0.005	5.87334346408e-07
0.85	0.01	0.005	4.59564256526e-07
0.87	0.01	0.005	3.57177235905e-07
0.89	0.01	0.005	2.7441422962e-07
0.91	0.01	0.005	2.06657189262e-07
0.93	0.01	0.005	1.50154883832e-07
0.95	0.01	0.005	1.01802541565e-07
0.97	0.01	0.005	5.89613240129e-08
0.99	0.01	0.005	1.93063227392e-08
0.01	0.03	0.005	0.265048306353
0.03	0.03	0.005	0.163118623301
0.05	0.03	0.005	0.104624287071
0.07	0.03	0.005	0.0693543182403
0.09	0.03	0.005	0.0471769549176
0.11	0.03	0.005	0.0327531130461
0.13	0.03	0.005	0.0231157088689
0.15	0.03	0.005	0.0165350677447
0.17	0.03	0.005	0.0119612264155
0.19	0.03	0.005	0.00873506240375
0.21	0.03	0.005	0.00643112468432
0.23	0.03	0.005	0.00476833230348
0.25	0.03	0.005	0.00355730731913
0.27	0.03	0.005	0.00266830769823
0.29	0.03	0.005	0.0020111623462
0.31	0.03	0.005	0.00152241718926
0.33	0.03	0.005	0.00115693098656
0.35	0.03	0.005	0.000882281695802
0.37	0.03	0.005	0.000674984754959
0.39	0.03	0.005	0.000517900769978
0.41	0.03	0.005	0.000398436584289
0.43	0.03	0.005	0.000307283178686
0.45	0.03	0.005	0.000237521481851
0.47	0.03	0.005	0.000183983235593
0.49	0.03	0.005	0.00014279051645
0.51	0.03	0.005	0.000111021576061
0.53	0.03	0.005	8.6466756454e-05
0.55	0.03	0.005	6.7449133551e-05
0.57	0.03	0.005	5.26920034129e-05
0.59	0.03	0.005	4.12204868798e-05
0.61	0.03	0.005	3.22881318455e-05
0.63	0.03	0.005	2.53219302479e-05
0.65	0.03	0.005	1.98809683198e-05
0.67	0.03	0.005	1.56252167503e-05
0.69	0.03	0.005	1.22918946709e-05
0.71	0.03	0.005	9.67751304526e-06
0.73	0.03	0.005	7.62419237856e-06
0.75	0.03	0.005	6.00920805965e-06
0.77	0.03	0.005	4.73698045339e-06
0.79	0.03	0.005	3.73292191093e-06
0.81	0.03	0.005	2.93869769248e-06
0.83	0.03	0.005	2.30856573516e-06
0.85	0.03	0.005	1.80654091507e-06
0.87	0.03	0.005	1.40418998259e-06
0.89	0.03	0.005	1.07890883666e-06
0.91	0.03	0.005	8.12568022672e-07
0.93	0.03	0.005	5.90438066712e-07
0.95	0.03	0.005	4.00325541101e-07
0.97	0.03	0.005	2.31865097945e-07
0.99	0.03	0.005	7.59232075685e-08
0.01	0.05	0.005	0.434083733208
0.03	0.05	0.005	0.28402562736
0.05	0.05	0.005	0.189669926539
0.07	0.05	0.005	0.129172204653
0.09	0.05	0.005	0.0895272620025
0.11	0.05	0.005	0.0629991532162
0.13	0.05	0.005	0.0449122494319
0.15	0.05	0.005	0.0323770439072
0.17	0.05	0.005	0.0235655656546
0.19	0.05	0.005	0.0172953708299
0.21	0.05	0.005	0.0127859463077
0.23	0.05	0.005	0.00951271770886
0.25	0.05	0.005	0.007117468937
0.27	0.05	0.005	0.00535213179199
0.29	0.05	0.005	0.00404278009418
0.31	0.05	0.005	0.00306613054173
0.33	0.05	0.005	0.00233394559607
0.35	0.05	0.005	0.00178252346892
0.37	0.05	0.005	0.00136551925701
0.39	0.05	0.005	0.00104898127319
0.41	0.05	0.005	0.000807881168336
0.43	0.05	0.005	0.000623664177686
0.45	0.05	0.005	0.000482504042474
0.47	0.05	0.005	0.000374049788743
0.49	0.05	0.005	0.000290519078736
0.51	0.05	0.005	0.000226037876749
0.53	0.05	0.005	0.000176156556416
0.55	0.05	0.005	0.000137493310016
0.57	0.05	0.005	0.000107470013448
0.59	0.05	0.005	8.41156468938e-05
0.61	0.05	0.005	6.59193529911e-05
0.63	0.05	0.005	5.17201547432e-05
0.65	0.05	0.005	4.06238771501e-05
0.67	0.05	0.005	3.19403443687e-05
0.69	0.05	0.005	2.513575015e-05
0.71	0.05	0.005	1.97964260346e-05
0.73	0.05	0.005	1.56012010871e-05
0.75	0.05	0.005	1.23002587046e-05
0.77	0.05	0.005	9.69892113847e-06
0.79	0.05	0.005	7.64518145802e-06
0.81	0.05	0.005	6.02009213946e-06
0.83	0.05	0.005	4.73033557936e-06
0.85	0.05	0.005	3.70246370864e-06
0.87	0.05	0.005	2.87841545522e-06
0.89	0.05	0.005	2.21201228862e-06
0.91	0.05	0.005	1.66620098783e-06
0.93	0.05	0.005	1.21086464172e-06
0.95	0.05	0.005	8.21061804694e-07
0.97	0.05	0.005	4.75582698085e-07
0.99	0.05	0.005	1.55732573304e-07
0.01	0.07	0.005	0.573919532956
0.03	0.07	0.005	0.395758127196
0.05	0.07	0.005	0.274915912128
0.07	0.07	0.005	0.192833060301
0.09	0.07	0.005	0.136656680395
0.11	0.07	0.005	0.0978167073338
0.13	0.07	0.005	0.0706674375862
0.15	0.07	0.005	0.0514853492138
0.17	0.07	0.005	0.0377954703985
0.19	0.07	0.005	0.0279348707776
0.21	0.07	0.005	0.0207729340407
0.23	0.07	0.005	0.0155318212497
0.25	0.07	0.005	0.0116703220598
0.27	0.07	0.005	0.008807886365
0.29	0.07	0.005	0.00667432928629
0.31	0.07	0.005	0.00507612007298
0.33	0.07	0.005	0.00387351425594
0.35	0.07	0.005	0.00296486400972
0.37	0.07	0.005	0.00227573850518
0.39	0.07	0.005	0.00175130496315
0.41	0.07	0.005	0.00135094443781
0.43	0.07	0.005	0.00104441489405
0.45	0.07	0.005	0.000809095818439
0.47	0.07	0.005	0.000627995474179
0.49	0.07	0.005	0.000488300319808
0.51	0.07	0.005	0.00038031275456
0.53	0.07	0.005	0.000296668937903
0.55	0.07	0.005	0.000231759905486
0.57	0.07	0.005	0.000181301127219
0.59	0.07	0.005	0.000142011049639
0.61	0.07	0.005	0.000111370060182
0.63	0.07	0.005	8.74390764793e-05
0.65	0.07	0.005	6.87225352987e-05
0.67	0.07	0.005	5.40645780186e-05
0.69	0.07	0.005	4.25701501382e-05
0.71	0.07	0.005	3.35448644559e-05
0.73	0.07	0.005	2.64490419228e-05
0.75	0.07	0.005	2.0862497349e-05
0.77	0.07	0.005	1.64574909107e-05
0.79	0.07	0.005	1.29779010643e-05
0.81	0.07	0.005	1.02231480092e-05
0.83	0.07	0.005	8.03575135062e-06
0.85	0.07	0.005	6.29167180636e-06
0.87	0.07	0.005	4.89278716876e-06
0.89	0.07	0.005	3.76100382863e-06
0.91	0.07	0.005	2.83361918665e-06
0.93	0.07	0.005	2.05963625022e-06
0.95	0.07	0.005	1.39679631134e-06
0.97	0.07	0.005	8.09143754438e-07
0.99	0.07	0.005	2.64972367182e-07
0.01	0.09	0.005	0.681409812343
0.03	0.09	0.005	0.491707888642
0.05	0.09	0.005	0.354335686551
0.07	0.09	0.005	0.255941254002
0.09	0.09	0.005	0.185680299589
0.11	0.09	0.005	0.135429659566
0.13	0.09	0.005	0.0993412433287
0.15	0.09	0.005	0.0732825454889
0.17	0.09	0.005	0.0543537288134
0.19	0.09	0.005	0.0405207924144
0.21	0.09	0.005	0.0303523860544
0.23	0.09	0.005	0.0228359599311
0.25	0.09	0.005	0.017250772769
0.27	0.09	0.005	0.0130804203684
0.29	0.09	0.005	0.00995246867472
0.31	0.09	0.005	0.00759660057216
0.33	0.09	0.005	0.00581542324323
0.35	0.09	0.005	0.0044639693658
0.37	0.09	0.005	0.00343520290484
0.39	0.09	0.005	0.00264969971409
0.41	0.09	0.005	0.00204825110586
0.43	0.09	0.005	0.00158652837591
0.45	0.09	0.005	0.00123121056024
0.47	0.09	0.005	0.00095715800441
0.49	0.09	0.005	0.00074533817983
0.51	0.09	0.005	0.000581295863796
0.53	0.09	0.005	0.000454019499702
0.55	0.09	0.005	0.000355097440766
0.57	0.09	0.005	0.000278087370069
0.59	0.09	0.005	0.00021804322845
0.61	0.09	0.005	0.000171159034047
0.63	0.09	0.005	0.000134499810373
0.65	0.09	0.005	0.000105797680119
0.67	0.09	0.005	8.3296886221e-05
0.69	0.09	0.005	6.56356729369e-05
0.71	0.09	0.005	5.17560239885e-05
0.73	0.09	0.005	4.08345161221e-05
0.75	0.09	0.005	3.22292219757e-05
0.77	0.09	0.005	2.54388425556e-05
0.79	0.09	0.005	2.0071180148e-05
0.81	0.09	0.005	1.58187595287e-05
0.83	0.09	0.005	1.2439929047e-05
0.85	0.09	0.005	9.74416770433e-06
0.87	0.09	0.005	7.58062223449e-06
0.89	0.09	0.005	5.82912343921e-06
0.91	0.09	0.005	4.39310144322e-06
0.93	0.09	0.005	3.19394831666e-06
0.95	0.09	0.005	2.16647347633e-06
0.97	0.09	0.005	1.25516968726e-06
0.99	0.09	0.005	4.11060687532e-07
0.01	0.11	0.005	0.760044491435
0.03	0.11	0.005	0.570220378884
0.05	0.11	0.005	0.424743136403
0.07	0.11	0.005	0.315436697083
0.09	0.11	0.005	0.23420283565
0.11	0.11	0.005	0.174146308489
0.13	0.11	0.005	0.129814804307
0.15	0.11	0.005	0.0970659888567
0.17	0.11	0.005	0.072821266548
0.19	0.11	0.005	0.054819012823
0.21	0.11	0.005	0.0414065893232
0.23	0.11	0.005	0.0313781198336
0.25	0.11	0.005	0.0238529059984
0.27	0.11	0.005	0.0181862211388
0.29	0.11	0.005	0.0139045739459
0.31	0.11	0.005	0.0106589585558
0.33	0.11	0.005	0.00819113313264
0.35	0.11	0.005	0.00630926886938
0.37	0.11	0.005	0.00487032117012
0.39	0.11	0.005	0.00376722437574
0.41	0.11	0.005	0.00291955452967
0.43	0.11	0.005	0.00226669322814
0.45	0.11	0.005	0.00176280186964
0.47	0.11	0.005	0.00137311165314
0.49	0.11	0.005	0.00107117384437
0.51	0.11	0.005	0.00083681383763
0.53	0.11	0.005	0.00065460319771
0.55	0.11	0.005	0.000512714479293
0.57	0.11	0.005	0.000402060025536
0.59	0.11	0.005	0.000315642244487
0.61	0.11	0.005	0.000248061940414
0.63	0.11	0.005	0.000195145178602
0.65	0.11	0.005	0.000153659334456
0.67	0.11	0.005	0.000121096452092
0.69	0.11	0.005	9.55075513934e-05
0.71	0.11	0.005	7.53756056813e-05
0.73	0.11	0.005	5.95179469636e-05
0.75	0.11	0.005	4.70111191701e-05
0.77	0.11	0.005	3.71328935452e-05
0.79	0.11	0.005	2.93174317304e-05
0.81	0.11	0.005	2.31205391225e-05
0.83	0.11	0.005	1.81926734376e-05
0.85	0.11	0.005	1.42579198409e-05
0.87	0.11	0.005	1.10975581369e-05
0.89	0.11	0.005	8.53716174255e-06
0.91	0.11	0.005	6.43640664951e-06
0.93	0.11	0.005	4.68094932125e-06
0.95	0.11	0.005	3.17586890431e-06
0.97	0.11	0.005	1.84027124356e-06
0.99	0.11	0.005	6.02727363329e-07
0.01	0.13	0.005	0.815821130263
0.03	0.13	0.005	0.632555526788
0.05	0.13	0.005	0.485140807442
0.07	0.13	0.005	0.369589139642
0.09	0.13	0.005	0.28051497228
0.11	0.13	0.005	0.212565003612
0.13	0.13	0.005	0.161046785397
0.15	0.13	0.005	0.122111038091
0.17	0.13	0.005	0.0927194881005
0.19	0.13	0.005	0.0705290564008
0.21	0.13	0.005	0.0537579525216
0.23	0.13	0.005	0.0410622909849
0.25	0.13	0.005	0.0314329455402
0.27	0.13	0.005	0.0241136261759
0.29	0.13	0.005	0.0185376931055
0.31	0.13	0.005	0.0142802591158
0.33	0.13	0.005	0.011022247591
0.35	0.13	0.005	0.00852357351945
0.37	0.13	0.005	0.00660318605671
0.39	0.13	0.005	0.00512422881716
0.41	0.13	0.005	0.00398300012832
0.43	0.13	0.005	0.00310072922529
0.45	0.13	0.005	0.00241743855269
0.47	0.13	0.005	0.00188735275699
0.49	0.13	0.005	0.00147545621828
0.51	0.13	0.005	0.0011549052042
0.53	0.13	0.005	0.000905077437643
0.55	0.13	0.005	0.000710098277509
0.57	0.13	0.005	0.000557724211808
0.59	0.13	0.005	0.000438494935512
0.61	0.13	0.005	0.00034508785137
0.63	0.13	0.005	0.000271825526206
0.65	0.13	0.005	0.000214299016537
0.67	0.13	0.005	0.000169079184691
0.69	0.13	0.005	0.000133494992149
0.71	0.13	0.005	0.000105462890316
0.73	0.13	0.005	8.33552777788e-05
0.75	0.13	0.005	6.58988863759e-05
0.77	0.13	0.005	5.20961390553e-05
0.79	0.13	0.005	4.11641699747e-05
0.81	0.13	0.005	3.24874449237e-05
0.83	0.13	0.005	2.55808669028e-05
0.85	0.13	0.005	2.00609714672e-05
0.87	0.13	0.005	1.56233644266e-05
0.89	0.13	0.005	1.20249720189e-05
0.91	0.13	0.005	9.06999175159e-06
0.93	0.13	0.005	6.59867399022e-06
0.95	0.13	0.005	4.47824752281e-06
0.97	0.13	0.005	2.59543977396e-06
0.99	0.13	0.005	8.50143757117e-07
0.01	0.15	0.005	0.854755355289
0.03	0.15	0.005	0.681244643669
0.05	0.15	0.005	0.535908499876
0.07	0.15	0.005	0.41772092836
0.09	0.15	0.005	0.323577929404
0.11	0.15	0.005	0.249653358885
0.13	0.15	0.005	0.192166669165
0.15	0.15	0.005	0.147748366173
0.17	0.15	0.005	0.11356542354
0.19	0.15	0.005	0.0873199630615
0.21	0.15	0.005	0.0671906955492
0.23	0.15	0.005	0.0517556538367
0.25	0.15	0.005	0.0399154735676
0.27	0.15	0.005	0.0308255022466
0.29	0.15	0.005	0.0238392494367
0.31	0.15	0.005	0.0184629333699
0.33	0.15	0.005	0.0143197490012
0.35	0.15	0.005	0.0111221738097
0.37	0.15	0.005	0.00865069721243
0.39	0.15	0.005	0.00673757641672
0.41	0.15	0.005	0.00525447293303
0.43	0.15	0.005	0.00410305957772
0.45	0.15	0.005	0.00320788912424
0.47	0.15	0.005	0.00251097947597
0.49	0.15	0.005	0.00196769949235
0.51	0.15	0.005	0.00154363979173
0.53	0.15	0.005	0.0012122296086
0.55	0.15	0.005	0.000952919142118
0.57	0.15	0.005	0.000749791000673
0.59	0.15	0.005	0.000590497683973
0.61	0.15	0.005	0.000465447172527
0.63	0.15	0.005	0.000367177628824
0.65	0.15	0.005	0.000289876486287
0.67	0.15	0.005	0.000229009968272
0.69	0.15	0.005	0.000181037210546
0.71	0.15	0.005	0.000143189310424
0.73	0.15	0.005	0.000113298284091
0.75	0.15	0.005	8.96644482421e-05
0.77	0.15	0.005	7.09534285374e-05
0.79	0.15	0.005	5.61160426411e-05
0.81	0.15	0.005	4.43258651948e-05
0.83	0.15	0.005	3.49304731584e-05
0.85	0.15	0.005	2.74132807354e-05
0.87	0.15	0.005	2.13635701911e-05
0.89	0.15	0.005	1.64528585887e-05
0.91	0.15	0.005	1.24161488488e-05
0.93	0.15	0.005	9.03692534267e-06
0.95	0.15	0.005	6.13499114825e-06
0.97	0.15	0.005	3.55642245899e-06
0.99	0.15	0.005	1.16504759003e-06
0.01	0.17	0.005	0.881820320211
0.03	0.17	0.005	0.719060109465
0.05	0.17	0.005	0.578124323608
0.07	0.17	0.005	0.459862896333
0.09	0.17	0.005	0.362899330304
0.11	0.17	0.005	0.284738541718
0.13	0.17	0.005	0.222511012478
0.15	0.17	0.005	0.17341015907
0.17	0.17	0.005	0.134912475368
0.19	0.17	0.005	0.104861083338
0.21	0.17	0.005	0.0814720294578
0.23	0.17	0.005	0.0633021230413
0.25	0.17	0.005	0.0492015062593
0.27	0.17	0.005	0.0382636701438
0.29	0.17	0.005	0.0297791650189
0.31	0.17	0.005	0.0231955322152
0.33	0.17	0.005	0.0180839917945
0.35	0.17	0.005	0.0141124532026
0.37	0.17	0.005	0.0110240214346
0.39	0.17	0.005	0.00862007844578
0.41	0.17	0.005	0.00674707176787
0.43	0.17	0.005	0.00528625377531
0.45	0.17	0.005	0.00414574126902
0.47	0.17	0.005	0.00325438475549
0.49	0.17	0.005	0.00255704130998
0.51	0.17	0.005	0.00201093200587
0.53	0.17	0.005	0.00158283540984
0.55	0.17	0.005	0.00124692467622
0.57	0.17	0.005	0.000983099741905
0.59	0.17	0.005	0.00077570032741
0.61	0.17	0.005	0.00061251190394
0.63	0.17	0.005	0.000483997166841
0.65	0.17	0.005	0.000382701216694
0.67	0.17	0.005	0.000302790665813
0.69	0.17	0.005	0.000239696100489
0.71	0.17	0.005	0.000189834390725
0.73	0.17	0.005	0.000150392752526
0.75	0.17	0.005	0.00011916061972
0.77	0.17	0.005	9.43985686379e-05
0.79	0.17	0.005	7.47359863507e-05
0.81	0.17	0.005	5.90910544314e-05
0.83	0.17	0.005	4.66080674181e-05
0.85	0.17	0.005	3.66082192272e-05
0.87	0.17	0.005	2.85508486194e-05
0.89	0.17	0.005	2.20027952715e-05
0.91	0.17	0.005	1.66140259086e-05
0.93	0.17	0.005	1.20980794915e-05
0.95	0.17	0.005	8.21617765504e-06
0.97	0.17	0.005	4.7640711151e-06
0.99	0.17	0.005	1.56085938713e-06
0.01	0.19	0.005	0.900736966885
0.03	0.19	0.005	0.748502777401
0.05	0.19	0.005	0.613105111566
0.07	0.19	0.005	0.496453522551
0.09	0.19	0.005	0.398377960892
0.11	0.19	0.005	0.31744974304
0.13	0.19	0.005	0.251619184127
0.15	0.19	0.005	0.198648887953
0.17	0.19	0.005	0.156375190383
0.19	0.19	0.005	0.122844843108
0.21	0.19	0.005	0.0963700982039
0.23	0.19	0.005	0.0755352171742
0.25	0.19	0.005	0.0591770819759
0.27	0.19	0.005	0.0463542608928
0.29	0.19	0.005	0.0363129507463
0.31	0.19	0.005	0.0284543178604
0.33	0.19	0.005	0.0223053566395
0.35	0.19	0.005	0.0174939917731
0.37	0.19	0.005	0.0137283998599
0.39	0.19	0.005	0.0107801642065
0.41	0.19	0.005	0.00847073729458
0.43	0.19	0.005	0.00666066635588
0.45	0.19	0.005	0.00524107763418
0.47	0.19	0.005	0.00412697946214
0.49	0.19	0.005	0.00325201445252
0.51	0.19	0.005	0.00256435749301
0.53	0.19	0.005	0.00202351478119
0.55	0.19	0.005	0.00159782866124
0.57	0.19	0.005	0.00126253381228
0.59	0.19	0.005	0.000998243327846
0.61	0.19	0.005	0.000789769574173
0.63	0.19	0.005	0.000625205570263
0.65	0.19	0.005	0.00049520903505
0.67	0.19	0.005	0.000392444087194
0.69	0.19	0.005	0.000311145602314
0.71	0.19	0.005	0.000246779032228
0.73	0.19	0.005	0.00019577455353
0.75	0.19	0.005	0.000155319120489
0.77	0.19	0.005	0.000123193650679
0.79	0.19	0.005	9.76454060826e-05
0.81	0.19	0.005	7.72878310415e-05
0.83	0.19	0.005	6.10218138493e-05
0.85	0.19	0.005	4.79736615193e-05
0.87	0.19	0.005	3.74461027812e-05
0.89	0.19	0.005	2.88794288447e-05
0.91	0.19	0.005	2.18204958954e-05
0.93	0.19	0.005	1.58977869389e-05
0.95	0.19	0.005	1.08010936177e-05
0.97	0.19	0.005	6.26465396001e-06
0.99	0.19	0.005	2.05278704637e-06
0.01	0.21	0.005	0.914134518194
0.03	0.21	0.005	0.771621125219
0.05	0.21	0.005	0.642143698267
0.07	0.21	0.005	0.528119428782
0.09	0.21	0.005	0.430161728413
0.11	0.21	0.005	0.347644473046
0.13	0.21	0.005	0.279206115155
0.15	0.21	0.005	0.22313623527
0.17	0.21	0.005	0.177640077545
0.19	0.21	0.005	0.14100098255
0.21	0.21	0.005	0.11166737446
0.23	0.21	0.005	0.0882889292744
0.25	0.21	0.005	0.0697213062896
0.27	0.21	0.005	0.055013261902
0.29	0.21	0.005	0.0433852864732
0.31	0.21	0.005	0.0342054105927
0.33	0.21	0.005	0.0269654124241
0.35	0.21	0.005	0.021259087492
0.37	0.21	0.005	0.0167632763015
0.39	0.21	0.005	0.0132217861033
0.41	0.21	0.005	0.0104320448345
0.43	0.21	0.005	0.0082341866866
0.45	0.21	0.005	0.0065022232218
0.47	0.21	0.005	0.00513695927373
0.49	0.21	0.005	0.00406034326859
0.51	0.21	0.005	0.00321098202268
0.53	0.21	0.005	0.00254059213488
0.55	0.21	0.005	0.00201119949971
0.57	0.21	0.005	0.00159293331121
0.59	0.21	0.005	0.00126229065066
0.61	0.21	0.005	0.00100077250271
0.63	0.21	0.005	0.000793812313922
0.65	0.21	0.005	0.000629934606997
0.67	0.21	0.005	0.000500094314558
0.69	0.21	0.005	0.000397157973082
0.71	0.21	0.005	0.0003154962223
0.73	0.21	0.005	0.000250663614403
0.75	0.21	0.005	0.000199146903069
0.77	0.21	0.005	0.000158167042092
0.79	0.21	0.005	0.000125523309061
0.81	0.21	0.005	9.94704660795e-05
0.83	0.21	0.005	7.8621824163e-05
0.85	0.21	0.005	6.1872606709e-05
0.87	0.21	0.005	4.83392018718e-05
0.89	0.21	0.005	3.73108254128e-05
0.91	0.21	0.005	2.82108407255e-05
0.93	0.21	0.005	2.05655448919e-05
0.95	0.21	0.005	1.39786626241e-05
0.97	0.21	0.005	8.11011982556e-06
0.99	0.21	0.005	2.65791505688e-06
0.01	0.23	0.005	0.92380951054
0.03	0.23	0.005	0.790003690048
0.05	0.23	0.005	0.666385132534
0.07	0.23	0.005	0.555535078191
0.09	0.23	0.005	0.458536825303
0.11	0.23	0.005	0.375337948461
0.13	0.23	0.005	0.305125916818
0.15	0.23	0.005	0.246650106537
0.17	0.23	0.005	0.198466083209
0.19	0.23	0.005	0.159103336738
0.21	0.23	0.005	0.127169339173
0.23	0.23	0.005	0.101405973914
0.25	0.23	0.005	0.0807131740093
0.27	0.23	0.005	0.0641516819441
0.29	0.23	0.005	0.0509336705602
0.31	0.23	0.005	0.0404072076624
0.33	0.23	0.005	0.0320384098186
0.35	0.23	0.005	0.0253935942817
0.37	0.23	0.005	0.0201226952105
0.39	0.23	0.005	0.015944538345
0.41	0.23	0.005	0.0126341578469
0.43	0.23	0.005	0.010012104452
0.45	0.23	0.005	0.00793557282499
0.47	0.23	0.005	0.00629112465046
0.49	0.23	0.005	0.00498877357884
0.51	0.23	0.005	0.00395721007983
0.53	0.23	0.005	0.00313996696417
0.55	0.23	0.005	0.00249235294821
0.57	0.23	0.005	0.00197900826507
0.59	0.23	0.005	0.0015719609588
0.61	0.23	0.005	0.0012490842448
0.63	0.23	0.005	0.000992873944588
0.65	0.23	0.005	0.000789480620569
0.67	0.23	0.005	0.000627943935192
0.69	0.23	0.005	0.000499587293219
0.71	0.23	0.005	0.000397539355919
0.73	0.23	0.005	0.000316355878732
0.75	0.23	0.005	0.000251720817201
0.77	0.23	0.005	0.000200210025835
0.79	0.23	0.005	0.000159104355611
0.81	0.23	0.005	0.000126241715595
0.83	0.23	0.005	9.9899847271e-05
0.85	0.23	0.005	7.8703283788e-05
0.87	0.23	0.005	6.15493244416e-05
0.89	0.23	0.005	4.75489222824e-05
0.91	0.23	0.005	3.59792193753e-05
0.93	0.23	0.005	2.62451168601e-05
0.95	0.23	0.005	1.78477724297e-05
0.97	0.23	0.005	1.03583047875e-05
0.99	0.23	0.005	3.39527503552e-06
0.01	0.25	0.005	0.930966465514
0.03	0.25	0.005	0.804843459398
0.05	0.25	0.005	0.686786656351
0.07	0.25	0.005	0.579343802406
0.09	0.25	0.005	0.483850253028
0.11	0.25	0.005	0.400644608044
0.13	0.25	0.005	0.329335346064
0.15	0.25	0.005	0.269056183677
0.17	0.25	0.005	0.218678500013
0.19	0.25	0.005	0.176970936695
0.21	0.25	0.005	0.142709001065
0.23	0.25	0.005	0.11474333975
0.25	0.25	0.005	0.0920368466991
0.27	0.25	0.005	0.0736799673683
0.29	0.25	0.005	0.0588918175658
0.31	0.25	0.005	0.0470128286671
0.33	0.25	0.005	0.0374929349446
0.35	0.25	0.005	0.0298779659666
0.37	0.25	0.005	0.0237959030283
0.39	0.25	0.005	0.0189439535537
0.41	0.25	0.005	0.0150769258518
0.43	0.25	0.005	0.0119970862807
0.45	0.25	0.005	0.00954550029769
0.47	0.25	0.005	0.0075947586814
0.49	0.25	0.005	0.00604294185351
0.51	0.25	0.005	0.00480865886301
0.53	0.25	0.005	0.00382699988429
0.55	0.25	0.005	0.00304625335404
0.57	0.25	0.005	0.00242525569811
0.59	0.25	0.005	0.00193125970589
0.61	0.25	0.005	0.00153822514719
0.63	0.25	0.005	0.0012254512393
0.65	0.25	0.005	0.00097648465693
0.67	0.25	0.005	0.000778248856143
0.69	0.25	0.005	0.000620350653017
0.71	0.25	0.005	0.000494528445618
0.73	0.25	0.005	0.000394213413303
0.75	0.25	0.005	0.000314180692228
0.77	0.25	0.005	0.000250272117364
0.79	0.25	0.005	0.000199175823924
0.81	0.25	0.005	0.000158250974567
0.83	0.25	0.005	0.000125388258368
0.85	0.25	0.005	9.88987058532e-05
0.87	0.25	0.005	7.74248742623e-05
0.89	0.25	0.005	5.98696541553e-05
0.91	0.25	0.005	4.53388935932e-05
0.93	0.25	0.005	3.30947784416e-05
0.95	0.25	0.005	2.25174857237e-05
0.97	0.25	0.005	1.30730720304e-05
0.99	0.25	0.005	4.28589451615e-06
0.01	0.27	0.005	0.936405493085
0.03	0.27	0.005	0.817020360668
0.05	0.27	0.005	0.704121507493
0.07	0.27	0.005	0.600120260516
0.09	0.27	0.005	0.506460517307
0.11	0.27	0.005	0.423734122514
0.13	0.27	0.005	0.351861869942
0.15	0.27	0.005	0.290288456098
0.17	0.27	0.005	0.23815948049
0.19	0.27	0.005	0.194465308277
0.21	0.27	0.005	0.158148157784
0.23	0.27	0.005	0.128175435431
0.25	0.27	0.005	0.103585346275
0.27	0.27	0.005	0.0835114916822
0.29	0.27	0.005	0.0671925953831
0.31	0.27	0.005	0.0539723999495
0.33	0.27	0.005	0.0432935757083
0.35	0.27	0.005	0.0346884001644
0.37	0.27	0.005	0.0277680823137
0.39	0.27	0.005	0.0222119336613
0.41	0.27	0.005	0.0177571022838
0.43	0.27	0.005	0.0141892516601
0.45	0.27	0.005	0.0113343456602
0.47	0.27	0.005	0.00905156330355
0.49	0.27	0.005	0.0072272864396
0.51	0.27	0.005	0.00577006136582
0.53	0.27	0.005	0.00460641788274
0.55	0.27	0.005	0.00367742685132
0.57	0.27	0.005	0.00293588352068
0.59	0.27	0.005	0.00234401452933
0.61	0.27	0.005	0.00187161889725
0.63	0.27	0.005	0.00149456592519
0.65	0.27	0.005	0.00119358480371
0.67	0.27	0.005	0.000953291458165
0.69	0.27	0.005	0.000761407546245
0.71	0.27	0.005	0.000608134574124
0.73	0.27	0.005	0.000485652889575
0.75	0.27	0.005	0.000387720973942
0.77	0.27	0.005	0.000309355132779
0.79	0.27	0.005	0.000246573520161
0.81	0.27	0.005	0.000196191556814
0.83	0.27	0.005	0.000155658335647
0.85	0.27	0.005	0.000122925652768
0.87	0.27	0.005	9.63429450523e-05
0.89	0.27	0.005	7.45727299412e-05
0.91	0.27	0.005	5.65221898433e-05
0.93	0.27	0.005	4.12873716583e-05
0.95	0.27	0.005	2.81071214525e-05
0.97	0.27	0.005	1.63243769572e-05
0.99	0.27	0.005	5.3528213037e-06
0.01	0.29	0.005	0.940656734465
0.03	0.29	0.005	0.827177864917
0.05	0.29	0.005	0.719001778777
0.07	0.29	0.005	0.618358071196
0.09	0.29	0.005	0.526709232319
0.11	0.29	0.005	0.444800721418
0.13	0.29	0.005	0.372778113152
0.15	0.29	0.005	0.31033132354
0.17	0.29	0.005	0.256837454323
0.19	0.29	0.005	0.21148559658
0.21	0.29	0.005	0.173376366435
0.23	0.29	0.005	0.141595296818
0.25	0.29	0.005	0.115262812367
0.27	0.29	0.005	0.0935650907264
0.29	0.29	0.005	0.0757703969218
0.31	0.29	0.005	0.0612350541722
0.33	0.29	0.005	0.0494024876081
0.35	0.29	0.005	0.0397979912472
0.37	0.29	0.005	0.0320211518633
0.39	0.29	0.005	0.0257372695067
0.41	0.29	0.005	0.020668653367
0.43	0.29	0.005	0.0165863313703
0.45	0.29	0.005	0.0133024715587
0.47	0.29	0.005	0.010663650714
0.49	0.29	0.005	0.0085450008075
0.51	0.29	0.005	0.00684520019274
0.53	0.29	0.005	0.00548224116543
0.55	0.29	0.005	0.00438988906594
0.57	0.29	0.005	0.0035147436297
0.59	0.29	0.005	0.00281381603175
0.61	0.29	0.005	0.00225254179607
0.63	0.29	0.005	0.00180315834035
0.65	0.29	0.005	0.00144338507558
0.67	0.29	0.005	0.00115535288692
0.69	0.29	0.005	0.000924738052111
0.71	0.29	0.005	0.000740063000693
0.73	0.29	0.005	0.000592132720567
0.75	0.29	0.005	0.000473581099892
0.77	0.29	0.005	0.000378506121852
0.79	0.29	0.005	0.000302176698117
0.81	0.29	0.005	0.000240797131384
0.83	0.29	0.005	0.000191317833148
0.85	0.29	0.005	0.000151283077353
0.87	0.29	0.005	0.000118708321826
0.89	0.29	0.005	9.1981044924e-05
0.91	0.29	0.005	6.97801821195e-05
0.93	0.29	0.005	5.10101543402e-05
0.95	0.29	0.005	3.47461963165e-05
0.97	0.29	0.005	2.01882510416e-05
0.99	0.29	0.005	6.6211211836e-06
0.01	0.31	0.005	0.944072372224
0.03	0.31	0.005	0.835785643819
0.05	0.31	0.005	0.731906715472
0.07	0.31	0.005	0.634471205468
0.09	0.31	0.005	0.544906900134
0.11	0.31	0.005	0.464043247852
0.13	0.31	0.005	0.392182712091
0.15	0.31	0.005	0.32920448267
0.17	0.31	0.005	0.274676910164
0.19	0.31	0.005	0.227962754885
0.21	0.31	0.005	0.188308489958
0.23	0.31	0.005	0.154914369443
0.25	0.31	0.005	0.126985570715
0.27	0.31	0.005	0.103766717876
0.29	0.31	0.005	0.0845629243709
0.31	0.31	0.005	0.0687505797408
0.33	0.31	0.005	0.0557807826008
0.35	0.31	0.005	0.0451778219016
0.37	0.31	0.005	0.0365345754335
0.39	0.31	0.005	0.0295062062359
0.41	0.31	0.005	0.0238031281736
0.43	0.31	0.005	0.0191838891197
0.45	0.31	0.005	0.0154483775979
0.47	0.31	0.005	0.0124315839729
0.49	0.31	0.005	0.00999802641134
0.51	0.31	0.005	0.00803687190355
0.53	0.31	0.005	0.00645773261339
0.55	0.31	0.005	0.00518708891592
0.57	0.31	0.005	0.00416527597402
0.59	0.31	0.005	0.00334396563453
0.61	0.31	0.005	0.00268407625036
0.63	0.31	0.005	0.00215404729388
0.65	0.31	0.005	0.00172842165933
0.67	0.31	0.005	0.00138668527731
0.69	0.31	0.005	0.00111232041006
0.71	0.31	0.005	0.000892035367336
0.73	0.31	0.005	0.000715139173043
0.75	0.31	0.005	0.000573034835078
0.77	0.31	0.005	0.000458809313997
0.79	0.31	0.005	0.0003669020822
0.81	0.31	0.005	0.000292837370422
0.83	0.31	0.005	0.000233007878023
0.85	0.31	0.005	0.000184499945731
0.87	0.31	0.005	0.000144952018597
0.89	0.31	0.005	0.000112439722016
0.91	0.31	0.005	8.53820868517e-05
0.93	0.31	0.005	6.24644356879e-05
0.95	0.31	0.005	4.2574219105e-05
0.97	0.31	0.005	2.474669965e-05
0.99	0.31	0.005	8.11784733546e-06
0.01	0.33	0.005	0.946887956096
0.03	0.33	0.005	0.843187564379
0.05	0.33	0.005	0.743209851362
0.07	0.33	0.005	0.648801906298
0.09	0.33	0.005	0.561327592247
0.11	0.33	0.005	0.481653149964
0.13	0.33	0.005	0.410186737045
0.15	0.33	0.005	0.346950910994
0.17	0.33	0.005	0.291669334399
0.19	0.33	0.005	0.24385364258
0.21	0.33	0.005	0.202881508989
0.23	0.33	0.005	0.168061341421
0.25	0.33	0.005	0.138682292071
0.27	0.33	0.005	0.114050351463
0.29	0.33	0.005	0.0935124222182
0.31	0.33	0.005	0.0764707021434
0.33	0.33	0.005	0.0623896984999
0.35	0.33	0.005	0.050797944506
0.37	0.33	0.005	0.0412861339666
0.39	0.33	0.005	0.0335030174342
0.41	0.33	0.005	0.02715006181
0.43	0.33	0.005	0.0219755865858
0.45	0.33	0.005	0.017768859523
0.47	0.33	0.005	0.0143544589127
0.49	0.33	0.005	0.0115870809403
0.51	0.33	0.005	0.00934688011845
0.53	0.33	0.005	0.00753536962026
0.55	0.33	0.005	0.00607186915654
0.57	0.33	0.005	0.00489046466585
0.59	0.33	0.005	0.0039374317299
0.61	0.33	0.005	0.00316906968307
0.63	0.33	0.005	0.00254989320661
0.65	0.33	0.005	0.0020511309062
0.67	0.33	0.005	0.00164948466616
0.69	0.33	0.005	0.00132610858513
0.71	0.33	0.005	0.0010657714642
0.73	0.33	0.005	0.000856171797974
0.75	0.33	0.005	0.000687378816928
0.77	0.33	0.005	0.000551377252189
0.79	0.33	0.005	0.000441697112361
0.81	0.33	0.005	0.000353112885269
0.83	0.33	0.005	0.000281399238763
0.85	0.33	0.005	0.000223132537378
0.87	0.33	0.005	0.000175529364003
0.89	0.33	0.005	0.000136314784983
0.91	0.33	0.005	0.000103614367984
0.93	0.33	0.005	7.58649940784e-05
0.95	0.33	0.005	5.17403338383e-05
0.97	0.33	0.005	3.00875109499e-05
0.99	0.33	0.005	9.87198041558e-06
0.01	0.35	0.005	0.949262664347
0.03	0.35	0.005	0.849637099722
0.05	0.35	0.005	0.753202350038
0.07	0.35	0.005	0.661630925426
0.09	0.35	0.005	0.576208799189
0.11	0.35	0.005	0.49780797669
0.13	0.35	0.005	0.42690455287
0.15	0.35	0.005	0.363627755282
0.17	0.35	0.005	0.307825629971
0.19	0.35	0.005	0.259135543002
0.21	0.35	0.005	0.217051098053
0.23	0.35	0.005	0.180980420938
0.25	0.35	0.005	0.150293508663
0.27	0.35	0.005	0.124358309181
0.29	0.35	0.005	0.102566430003
0.31	0.35	0.005	0.0843500135007
0.33	0.35	0.005	0.0691915342723
0.35	0.35	0.005	0.0566282236513
0.37	0.35	0.005	0.0462526292619
0.39	0.35	0.005	0.0377105584275
0.41	0.35	0.005	0.0306973873018
0.43	0.35	0.005	0.024953473209
0.45	0.35	0.005	0.0202591999463
0.47	0.35	0.005	0.016430018491
0.49	0.35	0.005	0.0133117165207
0.51	0.35	0.005	0.0107760544204
0.53	0.35	0.005	0.00871683703528
0.55	0.35	0.005	0.00704644347315
0.57	0.35	0.005	0.00569280657276
0.59	0.35	0.005	0.00459681488724
0.61	0.35	0.005	0.00371009973653
0.63	0.35	0.005	0.0029931653994
0.65	0.35	0.005	0.00241381986185
0.67	0.35	0.005	0.00194586527518
0.69	0.35	0.005	0.00156801038806
0.71	0.35	0.005	0.00126297100511
0.73	0.35	0.005	0.00101672852926
0.75	0.35	0.005	0.000817920573584
0.77	0.35	0.005	0.000657341308504
0.79	0.35	0.005	0.00052753254879
0.81	0.35	0.005	0.000422449545597
0.83	0.35	0.005	0.000337188026972
0.85	0.35	0.005	0.000267761244027
0.87	0.35	0.005	0.000210917657599
0.89	0.35	0.005	0.000163991475393
0.91	0.35	0.005	0.000124779557122
0.93	0.35	0.005	9.1439278174e-05
0.95	0.35	0.005	6.24028110806e-05
0.97	0.35	0.005	3.63039749907e-05
0.99	0.35	0.005	1.19143389168e-05
0.01	0.37	0.005	0.951305525677
0.03	0.37	0.005	0.855322887685
0.05	0.37	0.005	0.762111947725
0.07	0.37	0.005	0.673187839519
0.09	0.37	0.005	0.5897539906
0.11	0.37	0.005	0.512668481338
0.13	0.37	0.005	0.442448008885
0.15	0.37	0.005	0.379299698508
0.17	0.37	0.005	0.323170044508
0.19	0.37	0.005	0.273801362074
0.21	0.37	0.005	0.230788294557
0.23	0.37	0.005	0.193629358465
0.25	0.37	0.005	0.161770718332
0.27	0.37	0.005	0.134641122476
0.29	0.37	0.005	0.111678141609
0.31	0.37	0.005	0.0923465882445
0.33	0.37	0.005	0.076150357344
0.35	0.37	0.005	0.0626390279702
0.37	0.37	0.005	0.0514104992153
0.39	0.37	0.005	0.0421107771456
0.41	0.37	0.005	0.0344318363723
0.43	0.37	0.005	0.0281082843419
0.45	0.37	0.005	0.0229133780262
0.47	0.37	0.005	0.0186547905368
0.49	0.37	0.005	0.0151704017855
0.51	0.37	0.005	0.012324291282
0.53	0.37	0.005	0.0100030391329
0.55	0.37	0.005	0.00811238921326
0.57	0.37	0.005	0.00657429224036
0.59	0.37	0.005	0.0053243224165
0.61	0.37	0.005	0.0043094463076
0.63	0.37	0.005	0.00348611416093
0.65	0.37	0.005	0.00281863996794
0.67	0.37	0.005	0.00227783574767
0.69	0.37	0.005	0.0018398666577
0.71	0.37	0.005	0.00148529583693
0.73	0.37	0.005	0.00119829079227
0.75	0.37	0.005	0.000965966282833
0.77	0.37	0.005	0.000777841784723
0.79	0.37	0.005	0.000625394587046
0.81	0.37	0.005	0.000501692289957
0.83	0.37	0.005	0.000401090908236
0.85	0.37	0.005	0.000318986918228
0.87	0.37	0.005	0.000251613429519
0.89	0.37	0.005	0.000195872233258
0.91	0.37	0.005	0.000149194800107
0.93	0.37	0.005	0.000109426397227
0.95	0.37	0.005	7.47283901294e-05
0.97	0.37	0.005	4.34945139959e-05
0.99	0.37	0.005	1.42774600565e-05
0.01	0.39	0.005	0.953092442945
0.03	0.39	0.005	0.860386951623
0.05	0.39	0.005	0.770117812091
0.07	0.39	0.005	0.683660397018
0.09	0.39	0.005	0.6021363665
0.11	0.39	0.005	0.526377958452
0.13	0.39	0.005	0.456923009171
0.15	0.39	0.005	0.394034314323
0.17	0.39	0.005	0.337735475769
0.19	0.39	0.005	0.287855598269
0.21	0.39	0.005	0.244076453438
0.23	0.39	0.005	0.20597742522
0.25	0.39	0.005	0.173075259739
0.27	0.39	0.005	0.144857107591
0.29	0.39	0.005	0.120806460022
0.31	0.39	0.005	0.100422333946
0.33	0.39	0.005	0.0832325028003
0.35	0.39	0.005	0.0688017723308
0.37	0.39	0.005	0.0567363351498
0.39	0.39	0.005	0.0466851684766
0.41	0.39	0.005	0.0383393142485
0.43	0.39	0.005	0.031429734237
0.45	0.39	0.005	0.0257242869135
0.47	0.39	0.005	0.0210242402703
0.49	0.39	0.005	0.0171606215817
0.51	0.39	0.005	0.0139906128031
0.53	0.39	0.005	0.0113941279773
0.55	0.39	0.005	0.00927065429732
0.57	0.39	0.005	0.00753639850355
0.59	0.39	0.005	0.00612175218351
0.61	0.39	0.005	0.00496907063458
0.63	0.39	0.005	0.00403074798786
0.65	0.39	0.005	0.00326756439808
0.67	0.39	0.005	0.00264727780652
0.69	0.39	0.005	0.00214343193963
0.71	0.39	0.005	0.00173435296273
0.73	0.39	0.005	0.00140230894161
0.75	0.39	0.005	0.00113280853097
0.77	0.39	0.005	0.000914017802397
0.79	0.39	0.005	0.000736276640333
0.81	0.39	0.005	0.000591698544769
0.83	0.39	0.005	0.000473839907098
0.85	0.39	0.005	0.000377426831554
0.87	0.39	0.005	0.000298129344504
0.89	0.39	0.005	0.000232374368384
0.91	0.39	0.005	0.000177190147119
0.93	0.39	0.005	0.000130075910889
0.95	0.39	0.005	8.88914778844e-05
0.97	0.39	0.005	5.17622267404e-05
0.99	0.39	0.005	1.69954520517e-05
0.01	0.41	0.005	0.954677248574
0.03	0.41	0.005	0.86493761344
0.05	0.41	0.005	0.777361962435
0.07	0.41	0.005	0.693202515613
0.09	0.41	0.005	0.613502918888
0.11	0.41	0.005	0.53906287078
0.13	0.41	0.005	0.470427715042
0.15	0.41	0.005	0.407898944384
0.17	0.41	0.005	0.351559951119
0.19	0.41	0.005	0.301311069395
0.21	0.41	0.005	0.256908581364
0.23	0.41	0.005	0.218003484807
0.25	0.41	0.005	0.184177095347
0.27	0.41	0.005	0.154971746763
0.29	0.41	0.005	0.129915829837
0.31	0.41	0.005	0.108543129492
0.33	0.41	0.005	0.0904068921587
0.35	0.41	0.005	0.0750893203983
0.37	0.41	0.005	0.0622072999325
0.39	0.41	0.005	0.0514151645719
0.41	0.41	0.005	0.0424052383519
0.43	0.41	0.005	0.0349067934541
0.45	0.41	0.005	0.028683949579
0.47	0.41	0.005	0.023532929848
0.49	0.41	0.005	0.0192789883377
0.51	0.41	0.005	0.0157732389239
0.53	0.41	0.005	0.012889545237
0.55	0.41	0.005	0.0105215764602
0.57	0.41	0.005	0.00858009175626
0.59	0.41	0.005	0.00699048522378
0.61	0.41	0.005	0.00569060136453
0.63	0.41	0.005	0.00462881615985
0.65	0.41	0.005	0.00376236931762
0.67	0.41	0.005	0.00305592767567
0.69	0.41	0.005	0.00248035700768
0.71	0.41	0.005	0.00201167870234
0.73	0.41	0.005	0.00163018831307
0.75	0.41	0.005	0.00131971431246
0.77	0.41	0.005	0.00106699717906
0.79	0.41	0.005	0.000861170944858
0.81	0.41	0.005	0.000693331372025
0.83	0.41	0.005	0.000556176896549
0.85	0.41	0.005	0.00044371030865
0.87	0.41	0.005	0.0003509907975
0.89	0.41	0.005	0.000273927455119
0.91	0.41	0.005	0.000209106608205
0.93	0.41	0.005	0.000153646432597
0.95	0.41	0.005	0.000105073212897
0.97	0.41	0.005	6.12143515052e-05
0.99	0.41	0.005	2.0103819177e-05
0.01	0.43	0.005	0.956098905959
0.03	0.43	0.005	0.869058633006
0.05	0.43	0.005	0.783957944337
0.07	0.43	0.005	0.701940897046
0.09	0.43	0.005	0.623978332313
0.11	0.43	0.005	0.550834148742
0.13	0.43	0.005	0.483051821607
0.15	0.43	0.005	0.420958700842
0.17	0.43	0.005	0.364684061626
0.19	0.43	0.005	0.314186324462
0.21	0.43	0.005	0.26928507776
0.23	0.43	0.005	0.229694237261
0.25	0.43	0.005	0.195053597445
0.27	0.43	0.005	0.164956968289
0.29	0.43	0.005	0.138975918452
0.31	0.43	0.005	0.116678800643
0.33	0.43	0.005	0.0976452025139
0.35	0.43	0.005	0.0814762630514
0.37	0.43	0.005	0.0678014514839
0.39	0.43	0.005	0.0562824588404
0.41	0.43	0.005	0.0466148349075
0.43	0.43	0.005	0.0385279432707
0.45	0.43	0.005	0.0317837256058
0.47	0.43	0.005	0.0261746783193
0.49	0.43	0.005	0.0215213596473
0.51	0.43	0.005	0.0176696689143
0.53	0.43	0.005	0.0144880743965
0.55	0.43	0.005	0.0118649127432
0.57	0.43	0.005	0.00970584057047
0.59	0.43	0.005	0.00793148642309
0.61	0.43	0.005	0.00647532727919
0.63	0.43	0.005	0.00528179660156
0.65	0.43	0.005	0.00430461918808
0.67	0.43	0.005	0.00350536047832
0.69	0.43	0.005	0.00285217348161
0.71	0.43	0.005	0.00231872424773
0.73	0.43	0.005	0.00188327613091
0.75	0.43	0.005	0.00152791348373
0.77	0.43	0.005	0.00123788647151
0.79	0.43	0.005	0.0010010601366
0.81	0.43	0.005	0.000807452463809
0.83	0.43	0.005	0.000648847863537
0.85	0.43	0.005	0.000518474106214
0.87	0.43	0.005	0.000410732251637
0.89	0.43	0.005	0.000320970486888
0.91	0.43	0.005	0.000245293999509
0.93	0.43	0.005	0.000180404063421
0.95	0.43	0.005	0.000123460405193
0.97	0.43	0.005	7.19616533775e-05
0.99	0.43	0.005	2.36392614311e-05
0.01	0.45	0.005	0.957386225756
0.03	0.45	0.005	0.872815690636
0.05	0.45	0.005	0.789997379806
0.07	0.45	0.005	0.709980385947
0.09	0.45	0.005	0.633668501437
0.11	0.45	0.005	0.561788775916
0.13	0.45	0.005	0.494876509415
0.15	0.45	0.005	0.433275274453
0.17	0.45	0.005	0.377149145376
0.19	0.45	0.005	0.326503643964
0.21	0.45	0.005	0.281211868713
0.23	0.45	0.005	0.24104267303
0.25	0.45	0.005	0.205688398709
0.27	0.45	0.005	0.17479039103
0.29	0.45	0.005	0.147961203745
0.31	0.45	0.005	0.124802977622
0.33	0.45	0.005	0.104921916646
0.35	0.45	0.005	0.0879390908067
0.37	0.45	0.005	0.073497980144
0.39	0.45	0.005	0.0612692653217
0.41	0.45	0.005	0.0509533909561
0.43	0.45	0.005	0.0422814023835
0.45	0.45	0.005	0.0350145034513
0.47	0.45	0.005	0.0289427166313
0.49	0.45	0.005	0.0238829573401
0.51	0.45	0.005	0.0196767682598
0.53	0.45	0.005	0.016187900376
0.55	0.45	0.005	0.0132998770615
0.57	0.45	0.005	0.0109136361772
0.59	0.45	0.005	0.00894531232505
0.61	0.45	0.005	0.00732419615177
0.63	0.45	0.005	0.00599088879754
0.65	0.45	0.005	0.00489565608004
0.67	0.45	0.005	0.00399697769897
0.69	0.45	0.005	0.00326028069581
0.71	0.45	0.005	0.00265684279813
0.73	0.45	0.005	0.00216284945934
0.75	0.45	0.005	0.00175858784839
0.77	0.45	0.005	0.0014277613437
0.79	0.45	0.005	0.00115690893355
0.81	0.45	0.005	0.0009349150938
0.83	0.45	0.005	0.000752597038367
0.85	0.45	0.005	0.000602357605118
0.87	0.45	0.005	0.000477893370153
0.89	0.45	0.005	0.000373948828444
0.91	0.45	0.005	0.000286108607266
0.93	0.45	0.005	0.000210620674923
0.95	0.45	0.005	0.000144244363761
0.97	0.45	0.005	8.41177424927e-05
0.99	0.45	0.005	2.76394509222e-05
0.01	0.47	0.005	0.958560977927
0.03	0.47	0.005	0.876261007335
0.05	0.47	0.005	0.795554904419
0.07	0.47	0.005	0.717408257128
0.09	0.47	0.005	0.642663587651
0.11	0.47	0.005	0.572011430726
0.13	0.47	0.005	0.50597479586
0.15	0.47	0.005	0.44490630273
0.17	0.47	0.005	0.388996042409
0.19	0.47	0.005	0.338287526944
0.21	0.47	0.005	0.292698897194
0.23	0.47	0.005	0.252046746196
0.25	0.47	0.005	0.216070342816
0.27	0.47	0.005	0.18445457905
0.29	0.47	0.005	0.156850513079
0.31	0.47	0.005	0.132892872511
0.33	0.47	0.005	0.112214282335
0.35	0.47	0.005	0.0944562789837
0.37	0.47	0.005	0.0792773705001
0.39	0.47	0.005	0.0663585178422
0.41	0.47	0.005	0.0554064619179
0.43	0.47	0.005	0.0461553234611
0.45	0.47	0.005	0.0383668744463
0.47	0.47	0.005	0.0318298335579
0.49	0.47	0.005	0.0263584840988
0.51	0.47	0.005	0.021790857509
0.53	0.47	0.005	0.0179866737518
0.55	0.47	0.005	0.0148251836822
0.57	0.47	0.005	0.0122030192319
0.59	0.47	0.005	0.0100321249829
0.61	0.47	0.005	0.00823781904549
0.63	0.47	0.005	0.00675701136868
0.65	0.47	0.005	0.00553659281634
0.67	0.47	0.005	0.00453199767537
0.69	0.47	0.005	0.00370593487584
0.71	0.47	0.005	0.0030272783823
0.73	0.47	0.005	0.0024701043287
0.75	0.47	0.005	0.00201286100876
0.77	0.47	0.005	0.0016376573863
0.79	0.47	0.005	0.00132965603648
0.81	0.47	0.005	0.00107655712208
0.83	0.47	0.005	0.000868160967172
0.85	0.47	0.005	0.00069599787875
0.87	0.47	0.005	0.000553014991097
0.89	0.47	0.005	0.000433311002541
0.91	0.47	0.005	0.000331910696276
0.93	0.47	0.005	0.000244572059663
0.95	0.47	0.005	0.00016761962386
0.97	0.47	0.005	9.77983300357e-05
0.99	0.47	0.005	3.21427871628e-05
0.01	0.49	0.005	0.959639964894
0.03	0.49	0.005	0.879436660784
0.05	0.49	0.005	0.80069189338
0.07	0.49	0.005	0.724297621648
0.09	0.49	0.005	0.651040614557
0.11	0.49	0.005	0.581576056672
0.13	0.49	0.005	0.516412102409
0.15	0.49	0.005	0.455905115614
0.17	0.49	0.005	0.400264275431
0.19	0.49	0.005	0.349563569467
0.21	0.49	0.005	0.303758922901
0.23	0.49	0.005	0.262708258604
0.25	0.49	0.005	0.226192551909
0.27	0.49	0.005	0.193936336033
0.29	0.49	0.005	0.165626546751
0.31	0.49	0.005	0.140929006957
0.33	0.49	0.005	0.119502205572
0.35	0.49	0.005	0.101008303473
0.37	0.49	0.005	0.0851214990835
0.39	0.49	0.005	0.0715340150097
0.41	0.49	0.005	0.0599600367617
0.43	0.49	0.005	0.0501379589126
0.45	0.49	0.005	0.041831286306
0.47	0.49	0.005	0.0348285095776
0.49	0.49	0.005	0.0289422344819
0.51	0.49	0.005	0.0240078001351
0.53	0.49	0.005	0.0198815770306
0.55	0.49	0.005	0.0164390945417
0.57	0.49	0.005	0.0135731112661
0.59	0.49	0.005	0.0111917106843
0.61	0.49	0.005	0.00921647924351
0.63	0.49	0.005	0.00758080378683
0.65	0.49	0.005	0.00622830963994
0.67	0.49	0.005	0.00511144897162
0.69	0.49	0.005	0.0041902405814
0.71	0.49	0.005	0.00343115639498
0.73	0.49	0.005	0.00280614610231
0.75	0.49	0.005	0.00229178906784
0.77	0.49	0.005	0.00186856147705
0.79	0.49	0.005	0.00152020633328
0.81	0.49	0.005	0.0012331941293
0.83	0.49	0.005	0.000996262592305
0.85	0.49	0.005	0.000800024690726
0.87	0.49	0.005	0.000636634986874
0.89	0.49	0.005	0.000499505343268
0.91	0.49	0.005	0.000383061886689
0.93	0.49	0.005	0.00028253596621
0.95	0.49	0.005	0.000193782585222
0.97	0.49	0.005	0.000113120428262
0.99	0.49	0.005	3.71881332971e-05
0.01	0.51	0.005	0.960636418481
0.03	0.51	0.005	0.882376985927
0.05	0.51	0.005	0.805459283539
0.07	0.51	0.005	0.730710124233
0.09	0.51	0.005	0.658865640086
0.11	0.51	0.005	0.590547297533
0.13	0.51	0.005	0.526246918816
0.15	0.51	0.005	0.466320726651
0.17	0.51	0.005	0.410991540778
0.19	0.51	0.005	0.360357650713
0.21	0.51	0.005	0.314406582924
0.23	0.51	0.005	0.273031936532
0.25	0.51	0.005	0.236051614766
0.27	0.51	0.005	0.203226056802
0.29	0.51	0.005	0.174275409086
0.31	0.51	0.005	0.148894913793
0.33	0.51	0.005	0.126768098313
0.35	0.51	0.005	0.107577603205
0.37	0.51	0.005	0.0910136791645
0.39	0.51	0.005	0.0767805178754
0.41	0.51	0.005	0.0646006640618
0.43	0.51	0.005	0.0542177965605
0.45	0.51	0.005	0.0453981751348
0.47	0.51	0.005	0.0379310367113
0.49	0.51	0.005	0.0316281979422
0.51	0.51	0.005	0.0263230869667
0.53	0.51	0.005	0.0218693907248
0.55	0.51	0.005	0.0181394684671
0.57	0.51	0.005	0.0150226492504
0.59	0.51	0.005	0.0124235023313
0.61	0.51	0.005	0.010260144909
0.63	0.51	0.005	0.00846263159372
0.65	0.51	0.005	0.00697145398582
0.67	0.51	0.005	0.00573616637478
0.69	0.51	0.005	0.00471414427617
0.71	0.51	0.005	0.00386947578962
0.73	0.51	0.005	0.00317198107933
0.75	0.51	0.005	0.00259635220906
0.77	0.51	0.005	0.00212140372515
0.79	0.51	0.005	0.00172942345612
0.81	0.51	0.005	0.00140561272867
0.83	0.51	0.005	0.00113760538444
0.85	0.51	0.005	0.000915055459342
0.87	0.51	0.005	0.00072928403906
0.89	0.51	0.005	0.000572976539752
0.91	0.51	0.005	0.000439922416827
0.93	0.51	0.005	0.000324790031243
0.95	0.51	0.005	0.000222930069479
0.97	0.51	0.005	0.000130201499239
0.99	0.51	0.005	4.28145347758e-05
0.01	0.53	0.005	0.961560953751
0.03	0.53	0.005	0.885110330192
0.05	0.53	0.005	0.809899721889
0.07	0.53	0.005	0.736698078634
0.09	0.53	0.005	0.666195558099
0.11	0.53	0.005	0.598981772641
0.13	0.53	0.005	0.535531490331
0.15	0.53	0.005	0.476197976436
0.17	0.53	0.005	0.421213420598
0.19	0.53	0.005	0.370695356163
0.21	0.53	0.005	0.324657666861
0.23	0.53	0.005	0.28302467682
0.25	0.53	0.005	0.245646891282
0.27	0.53	0.005	0.212317144171
0.29	0.53	0.005	0.182786162343
0.31	0.53	0.005	0.156776830013
0.33	0.53	0.005	0.133996697335
0.35	0.53	0.005	0.114148503161
0.37	0.53	0.005	0.0969386630334
0.39	0.53	0.005	0.0820838071987
0.41	0.53	0.005	0.069315542872
0.43	0.53	0.005	0.0583836667842
0.45	0.53	0.005	0.0490580758061
0.47	0.53	0.005	0.0411296231228
0.49	0.53	0.005	0.0344101520626
0.51	0.53	0.005	0.0287319151895
0.53	0.53	0.005	0.023946557262
0.55	0.53	0.005	0.0199238105159
0.57	0.53	0.005	0.0165500217436
0.59	0.53	0.005	0.0137266042279
0.61	0.53	0.005	0.0113684845014
0.63	0.53	0.005	0.00940259439149
0.65	0.53	0.005	0.00776644282759
0.67	0.53	0.005	0.00640678914797
0.69	0.53	0.005	0.00527842978263
0.71	0.53	0.005	0.00434310277776
0.73	0.53	0.005	0.00356850924932
0.75	0.53	0.005	0.0029274471132
0.77	0.53	0.005	0.0023970499873
0.79	0.53	0.005	0.00195812269489
0.81	0.53	0.005	0.00159456406739
0.83	0.53	0.005	0.00129286754103
0.85	0.53	0.005	0.00104169020315
0.87	0.53	0.005	0.000831481340973
0.89	0.53	0.005	0.000654162080219
0.91	0.53	0.005	0.000502848299473
0.93	0.53	0.005	0.000371609613913
0.95	0.53	0.005	0.000255257800086
0.97	0.53	0.005	0.000149158554099
0.99	0.53	0.005	4.90609210478e-05
0.01	0.55	0.005	0.962422229985
0.03	0.55	0.005	0.887660350836
0.05	0.55	0.005	0.8140492118
0.07	0.55	0.005	0.742306160679
0.09	0.55	0.005	0.673079584935
0.11	0.55	0.005	0.606929189428
0.13	0.55	0.005	0.544312484046
0.15	0.55	0.005	0.485577763826
0.17	0.55	0.005	0.430963249021
0.19	0.55	0.005	0.38060158032
0.21	0.55	0.005	0.33452856475
0.23	0.55	0.005	0.292694938011
0.25	0.55	0.005	0.254979923855
0.27	0.55	0.005	0.221205492982
0.29	0.55	0.005	0.191150412293
0.31	0.55	0.005	0.164563393315
0.33	0.55	0.005	0.141174866894
0.35	0.55	0.005	0.12070710931
0.37	0.55	0.005	0.102882610874
0.39	0.55	0.005	0.0874307068447
0.41	0.55	0.005	0.0740925825061
0.43	0.55	0.005	0.0626248231724
0.45	0.55	0.005	0.0528017111838
0.47	0.55	0.005	0.0444164818592
0.49	0.55	0.005	0.0372817447117
0.51	0.55	0.005	0.0312292602848
0.53	0.55	0.005	0.0261092410042
0.55	0.55	0.005	0.0217893197807
0.57	0.55	0.005	0.01815330514
0.59	0.55	0.005	0.0150998180052
0.61	0.55	0.005	0.0125408839012
0.63	0.55	0.005	0.010400535772
0.65	0.55	0.005	0.00861346695533
0.67	0.55	0.005	0.00712376105675
0.69	0.55	0.005	0.00588371526817
0.71	0.55	0.005	0.00485276578235
0.73	0.55	0.005	0.00399651802163
0.75	0.55	0.005	0.00328588009133
0.77	0.55	0.005	0.00269629487318
0.79	0.55	0.005	0.00220706421212
0.81	0.55	0.005	0.00180075748063
0.83	0.55	0.005	0.00146269622565
0.85	0.55	0.005	0.00118050644953
0.87	0.55	0.005	0.000943730214459
0.89	0.55	0.005	0.000743488585849
0.91	0.55	0.005	0.000572188363233
0.93	0.55	0.005	0.00042326552592
0.95	0.55	0.005	0.000290958799996
0.97	0.55	0.005	0.000170107199911
0.99	0.55	0.005	5.59657892916e-05
0.01	0.57	0.005	0.96322741614
0.03	0.57	0.005	0.89004698479
0.05	0.57	0.005	0.817938383454
0.07	0.57	0.005	0.747572754479
0.09	0.57	0.005	0.679560482723
0.11	0.57	0.005	0.614433302157
0.13	0.57	0.005	0.552631610138
0.15	0.57	0.005	0.494497321186
0.17	0.57	0.005	0.44027208235
0.19	0.57	0.005	0.390100262877
0.21	0.57	0.005	0.344035851748
0.23	0.57	0.005	0.302052252733
0.25	0.57	0.005	0.264053943669
0.27	0.57	0.005	0.229889038813
0.29	0.57	0.005	0.199361929563
0.31	0.57	0.005	0.172245350023
0.33	0.57	0.005	0.148291394408
0.35	0.57	0.005	0.127241184396
0.37	0.57	0.005	0.108833033803
0.39	0.57	0.005	0.0928090790628
0.41	0.57	0.005	0.0789204350811
0.43	0.57	0.005	0.0669309988249
0.45	0.57	0.005	0.0566200609304
0.47	0.57	0.005	0.0477839034363
0.49	0.57	0.005	0.0402365641318
0.51	0.57	0.005	0.0338099395134
0.53	0.57	0.005	0.0283533828064
0.55	0.57	0.005	0.0237329340778
0.57	0.57	0.005	0.0198302985323
0.59	0.57	0.005	0.0165416683569
0.61	0.57	0.005	0.0137764641037
0.63	0.57	0.005	0.0114560542321
0.65	0.57	0.005	0.00951249640868
0.67	0.57	0.005	0.00788733154923
0.69	0.57	0.005	0.00653045127558
0.71	0.57	0.005	0.00539905126724
0.73	0.57	0.005	0.0044566766393
0.75	0.57	0.005	0.00367236071118
0.77	0.57	0.005	0.00301985507015
0.79	0.57	0.005	0.00247694642792
0.81	0.57	0.005	0.00202485419579
0.83	0.57	0.005	0.00164770176797
0.85	0.57	0.005	0.00133205404251
0.87	0.57	0.005	0.00106651359002
0.89	0.57	0.005	0.000841367993905
0.91	0.57	0.005	0.000648281147196
0.93	0.57	0.005	0.000480021633257
0.95	0.57	0.005	0.000330221690212
0.97	0.57	0.005	0.000193160624137
0.99	0.57	0.005	6.35668668551e-05
0.01	0.59	0.005	0.96398252418
0.03	0.59	0.005	0.892287182018
0.05	0.59	0.005	0.821593481603
0.07	0.59	0.005	0.752531026741
0.09	0.59	0.005	0.685675564995
0.11	0.59	0.005	0.621532731029
0.13	0.59	0.005	0.560526186067
0.15	0.59	0.005	0.502990504524
0.17	0.59	0.005	0.449168736454
0.19	0.59	0.005	0.39921422192
0.21	0.59	0.005	0.353195978934
0.23	0.59	0.005	0.311106839184
0.25	0.59	0.005	0.272873458641
0.27	0.59	0.005	0.238367365927
0.29	0.59	0.005	0.207416307193
0.31	0.59	0.005	0.179815278616
0.33	0.59	0.005	0.155336785259
0.35	0.59	0.005	0.133740011036
0.37	0.59	0.005	0.114778716931
0.39	0.59	0.005	0.098207796322
0.41	0.59	0.005	0.0837885040932
0.43	0.59	0.005	0.071292440206
0.45	0.59	0.005	0.0605044106145
0.47	0.59	0.005	0.0512243120478
0.49	0.59	0.005	0.0432681960664
0.51	0.59	0.005	0.0364686656275
0.53	0.59	0.005	0.0306747475782
0.55	0.59	0.005	0.0257513699171
0.57	0.59	0.005	0.0215785556294
0.59	0.59	0.005	0.0180504271418
0.61	0.59	0.005	0.015074098191
0.63	0.59	0.005	0.0125685139551
0.65	0.59	0.005	0.0104632861136
0.67	0.59	0.005	0.00869755729448
0.69	0.59	0.005	0.00721891914158
0.71	0.59	0.005	0.00598239990573
0.73	0.59	0.005	0.00494953084014
0.75	0.59	0.005	0.0040874955623
0.77	0.59	0.005	0.00336836269894
0.79	0.59	0.005	0.00276839934074
0.81	0.59	0.005	0.00226746089637
0.83	0.59	0.005	0.00184845166854
0.85	0.59	0.005	0.00149684972253
0.87	0.59	0.005	0.00120028924661
0.89	0.59	0.005	0.000948193506677
0.91	0.59	0.005	0.000731451583165
0.93	0.59	0.005	0.000542132279938
0.95	0.59	0.005	0.000373228854397
0.97	0.59	0.005	0.000218428496039
0.99	0.59	0.005	7.19007455705e-05
0.01	0.61	0.005	0.964692651853
0.03	0.61	0.005	0.894395466191
0.05	0.61	0.005	0.825037139121
0.07	0.61	0.005	0.757209787297
0.09	0.61	0.005	0.691457522982
0.11	0.61	0.005	0.628261657408
0.13	0.61	0.005	0.568029639163
0.15	0.61	0.005	0.511088079314
0.17	0.61	0.005	0.457679864325
0.19	0.61	0.005	0.40796505544
0.21	0.61	0.005	0.362025044459
0.23	0.61	0.005	0.31986929159
0.25	0.61	0.005	0.281443909464
0.27	0.61	0.005	0.246641367089
0.29	0.61	0.005	0.215310652072
0.31	0.61	0.005	0.187267330085
0.33	0.61	0.005	0.162303059983
0.35	0.61	0.005	0.140194246242
0.37	0.61	0.005	0.120709626448
0.39	0.61	0.005	0.103616693027
0.41	0.61	0.005	0.0886869313812
0.43	0.61	0.005	0.0756999198611
0.45	0.61	0.005	0.0644463814657
0.47	0.61	0.005	0.0547303049448
0.49	0.61	0.005	0.0463702668723
0.51	0.61	0.005	0.0392000893506
0.53	0.61	0.005	0.0330689631573
0.55	0.61	0.005	0.0278411559746
0.57	0.61	0.005	0.0233954119735
0.59	0.61	0.005	0.0196241341887
0.61	0.61	0.005	0.0164324260565
0.63	0.61	0.005	0.0137370540932
0.65	0.61	0.005	0.0114653805235
0.67	0.61	0.005	0.00955430304161
0.69	0.61	0.005	0.00794922891573
0.71	0.61	0.005	0.00660310233525
0.73	0.61	0.005	0.00547549713004
0.75	0.61	0.005	0.00453178162588
0.77	0.61	0.005	0.00374235825263
0.79	0.61	0.005	0.003081977409
0.81	0.61	0.005	0.00252912283143
0.83	0.61	0.005	0.00206546414638
0.85	0.61	0.005	0.00167537126059
0.87	0.61	0.005	0.00134548463218
0.89	0.61	0.005	0.00106433516121
0.91	0.61	0.005	0.000822007350818
0.93	0.61	0.005	0.000609839446877
0.95	0.61	0.005	0.000420154408724
0.97	0.61	0.005	0.000246015749006
0.99	0.61	0.005	8.10024760051e-05
0.01	0.63	0.005	0.965362162413
0.03	0.63	0.005	0.896384367583
0.05	0.63	0.005	0.828288986626
0.07	0.63	0.005	0.761634180449
0.09	0.63	0.005	0.696935103983
0.11	0.63	0.005	0.634650410144
0.13	0.63	0.005	0.575171946981
0.15	0.63	0.005	0.518817989226
0.17	0.63	0.005	0.465830053583
0.19	0.63	0.005	0.416373088211
0.21	0.63	0.005	0.370538623134
0.23	0.63	0.005	0.32835033123
0.25	0.63	0.005	0.289771380066
0.27	0.63	0.005	0.254712946384
0.29	0.63	0.005	0.22304330557
0.31	0.63	0.005	0.194596983598
0.33	0.63	0.005	0.169183554435
0.35	0.63	0.005	0.146595769027
0.37	0.63	0.005	0.126616802693
0.39	0.63	0.005	0.109026498784
0.41	0.63	0.005	0.0936065635472
0.43	0.63	0.005	0.0801447283293
0.45	0.63	0.005	0.0684379403774
0.47	0.63	0.005	0.0582946739457
0.49	0.63	0.005	0.0495364710749
0.51	0.63	0.005	0.0419988287334
0.53	0.63	0.005	0.0355315484002
0.55	0.63	0.005	0.0299986578966
0.57	0.63	0.005	0.0252780053031
0.59	0.63	0.005	0.0212606127462
0.61	0.63	0.005	0.0178498649657
0.63	0.63	0.005	0.0149605948015
0.65	0.63	0.005	0.0125181156971
0.67	0.63	0.005	0.0104572404127
0.69	0.63	0.005	0.00872131556474
0.71	0.63	0.005	0.00726129344202
0.73	0.63	0.005	0.00603485575595
0.75	0.63	0.005	0.00500559846502
0.77	0.63	0.005	0.0041422824471
0.79	0.63	0.005	0.00341815142022
0.81	0.63	0.005	0.00281031598386
0.83	0.63	0.005	0.00229920081796
0.85	0.63	0.005	0.00186805080192
0.87	0.63	0.005	0.0015024909788
0.89	0.63	0.005	0.00119013478664
0.91	0.63	0.005	0.00092023472083
0.93	0.63	0.005	0.000683369505539
0.95	0.63	0.005	0.000471161878506
0.97	0.63	0.005	0.00027602118543
0.99	0.63	0.005	9.09051023056e-05
0.01	0.65	0.005	0.965994819539
0.03	0.65	0.005	0.898264759892
0.05	0.65	0.005	0.831366134943
0.07	0.65	0.005	0.765826240963
0.09	0.65	0.005	0.702133666711
0.11	0.65	0.005	0.640725955963
0.13	0.65	0.005	0.581980016329
0.15	0.65	0.005	0.52620559872
0.17	0.65	0.005	0.473641928173
0.19	0.65	0.005	0.424457345031
0.21	0.65	0.005	0.378751635274
0.23	0.65	0.005	0.336560600859
0.25	0.65	0.005	0.297862348535
0.27	0.65	0.005	0.262584754708
0.29	0.65	0.005	0.230613586435
0.31	0.65	0.005	0.201800813334
0.33	0.65	0.005	0.175972720759
0.35	0.65	0.005	0.152937520111
0.37	0.65	0.005	0.132492238744
0.39	0.65	0.005	0.114428752817
0.41	0.65	0.005	0.0985388971415
0.43	0.65	0.005	0.0846186441046
0.45	0.65	0.005	0.0724713885086
0.47	0.65	0.005	0.0619104069691
0.49	0.65	0.005	0.0527605808905
0.51	0.65	0.005	0.0448594826612
0.53	0.65	0.005	0.0380579276296
0.55	0.65	0.005	0.0322200915436
0.57	0.65	0.005	0.0272232862324
0.59	0.65	0.005	0.0229574768711
0.61	0.65	0.005	0.0193246134195
0.63	0.65	0.005	0.0162378376943
0.65	0.65	0.005	0.0136206166964
0.67	0.65	0.005	0.0114058427284
0.69	0.65	0.005	0.00953493177093
0.71	0.65	0.005	0.00795694368292
0.73	0.65	0.005	0.00662774106948
0.75	0.65	0.005	0.00550919809351
0.77	0.65	0.005	0.0045684659924
0.79	0.65	0.005	0.00377729849281
0.81	0.65	0.005	0.00311143756365
0.83	0.65	0.005	0.00255005788241
0.85	0.65	0.005	0.00207526689103
0.87	0.65	0.005	0.00167165627258
0.89	0.65	0.005	0.00132589998922
0.91	0.65	0.005	0.00102639359974
0.93	0.65	0.005	0.000762929348737
0.95	0.65	0.005	0.000526401428763
0.97	0.65	0.005	0.000308535813453
0.99	0.65	0.005	0.000101639107589
0.01	0.67	0.005	0.966593889647
0.03	0.67	0.005	0.900046123245
0.05	0.67	0.005	0.834283557
0.07	0.67	0.005	0.769805339715
0.09	0.67	0.005	0.707075632442
0.11	0.67	0.005	0.646512303983
0.13	0.67	0.005	0.588478001698
0.15	0.67	0.005	0.533273902018
0.17	0.67	0.005	0.481136240766
0.19	0.67	0.005	0.432235533474
0.21	0.67	0.005	0.386678236934
0.23	0.67	0.005	0.344510485559
0.25	0.67	0.005	0.305723463644
0.27	0.67	0.005	0.270259945746
0.29	0.67	0.005	0.238021546444
0.31	0.67	0.005	0.208876259288
0.33	0.67	0.005	0.18266592379
0.35	0.67	0.005	0.159213329625
0.37	0.67	0.005	0.13832874113
0.39	0.67	0.005	0.119815696407
0.41	0.67	0.005	0.103475999486
0.43	0.67	0.005	0.0891138783382
0.45	0.67	0.005	0.0765393249245
0.47	0.67	0.005	0.0655706657779
0.49	0.67	0.005	0.0560364337106
0.51	0.67	0.005	0.0477766243897
0.53	0.67	0.005	0.0406434272951
0.55	0.67	0.005	0.0345015205972
0.57	0.67	0.005	0.0292280153072
0.59	0.67	0.005	0.0247121270182
0.61	0.67	0.005	0.0208546448243
0.63	0.67	0.005	0.0175672574927
0.65	0.67	0.005	0.0147717873562
0.67	0.67	0.005	0.0123993731989
0.69	0.67	0.005	0.0103896349327
0.71	0.67	0.005	0.00868984531415
0.73	0.67	0.005	0.00725412739595
0.75	0.67	0.005	0.00604269086513
0.77	0.67	0.005	0.00502111583484
0.79	0.67	0.005	0.00415968894975
0.81	0.67	0.005	0.00343279373743
0.83	0.67	0.005	0.00281835488021
0.85	0.67	0.005	0.00229733438769
0.87	0.67	0.005	0.00185327641691
0.89	0.67	0.005	0.00147189662284
0.91	0.67	0.005	0.00114071134442
0.93	0.67	0.005	0.000848701569602
0.95	0.67	0.005	0.000586006417548
0.97	0.67	0.005	0.000343640778397
0.99	0.67	0.005	0.000113231724387
0.01	0.69	0.005	0.967162219663
0.03	0.69	0.005	0.901736748752
0.05	0.69	0.005	0.837054387776
0.07	0.69	0.005	0.773588536624
0.09	0.69	0.005	0.711780845087
0.11	0.69	0.005	0.652030830691
0.13	0.69	0.005	0.594687561985
0.15	0.69	0.005	0.540043690507
0.17	0.69	0.005	0.488331942616
0.19	0.69	0.005	0.439724019442
0.21	0.69	0.005	0.39433171334
0.23	0.69	0.005	0.352209941896
0.25	0.69	0.005	0.31336133008
0.27	0.69	0.005	0.27774193736
0.29	0.69	0.005	0.245267725791
0.31	0.69	0.005	0.215821391013
0.33	0.69	0.005	0.18925922347
0.35	0.69	0.005	0.165417724604
0.37	0.69	0.005	0.144119765347
0.39	0.69	0.005	0.125180136544
0.41	0.69	0.005	0.108410398581
0.43	0.69	0.005	0.09362298782
0.45	0.69	0.005	0.0806345788272
0.47	0.69	0.005	0.0692687334858
0.49	0.69	0.005	0.0593578911263
0.51	0.69	0.005	0.0507447687767
0.53	0.69	0.005	0.043283248667
0.55	0.69	0.005	0.0368388325725
0.57	0.69	0.005	0.0312887407665
0.59	0.69	0.005	0.0265217284889
0.61	0.69	0.005	0.0224376859926
0.63	0.69	0.005	0.0189470802742
0.65	0.69	0.005	0.0159702882266
0.67	0.69	0.005	0.0134368626739
0.69	0.69	0.005	0.0112847649381
0.71	0.69	0.005	0.00945959045924
0.73	0.69	0.005	0.00791380768152
0.75	0.69	0.005	0.00660602497264
0.77	0.69	0.005	0.00550029575179
0.79	0.69	0.005	0.00456546821526
0.81	0.69	0.005	0.00377458299194
0.83	0.69	0.005	0.00310431964849
0.85	0.69	0.005	0.00253449110322
0.87	0.69	0.005	0.00204758360847
0.89	0.69	0.005	0.00162833893925
0.91	0.69	0.005	0.00126337470345
0.93	0.69	0.005	0.000940838198996
0.95	0.69	0.005	0.000650088927618
0.97	0.69	0.005	0.00038140468436
0.99	0.69	0.005	0.000125706042341
0.01	0.71	0.005	0.967702295424
0.03	0.71	0.005	0.903343894599
0.05	0.71	0.005	0.839690154335
0.07	0.71	0.005	0.777190851855
0.09	0.71	0.005	0.716266847393
0.11	0.71	0.005	0.657300527081
0.13	0.71	0.005	0.600628050963
0.15	0.71	0.005	0.546533668117
0.17	0.71	0.005	0.495246215469
0.19	0.71	0.005	0.446937776704
0.21	0.71	0.005	0.401724354765
0.23	0.71	0.005	0.359668314093
0.25	0.71	0.005	0.320782281584
0.27	0.71	0.005	0.285034158805
0.29	0.71	0.005	0.252352890165
0.31	0.71	0.005	0.222634647805
0.33	0.71	0.005	0.195749128281
0.35	0.71	0.005	0.171545702534
0.37	0.71	0.005	0.149859213368
0.39	0.71	0.005	0.130515268734
0.41	0.71	0.005	0.11333493058
0.43	0.71	0.005	0.0981387451426
0.45	0.71	0.005	0.0847500996196
0.47	0.71	0.005	0.0729979213856
0.49	0.71	0.005	0.0627187593845
0.51	0.71	0.005	0.0537583034691
0.53	0.71	0.005	0.0459724072421
0.55	0.71	0.005	0.0392276843835
0.57	0.71	0.005	0.0334017486684
0.59	0.71	0.005	0.0283831649484
0.61	0.71	0.005	0.0240711732514
0.63	0.71	0.005	0.0203752416801
0.65	0.71	0.005	0.0172144966213
0.67	0.71	0.005	0.0145170714442
0.69	0.71	0.005	0.0122194077474
0.71	0.71	0.005	0.0102655365671
0.73	0.71	0.005	0.00860636095435
0.75	0.71	0.005	0.00719895604552
0.77	0.71	0.005	0.0060058982081
0.79	0.71	0.005	0.00499463103045
0.81	0.71	0.005	0.00413687278353
0.83	0.71	0.005	0.00340806745233
0.85	0.71	0.005	0.0027868794372
0.87	0.71	0.005	0.00225473048315
0.89	0.71	0.005	0.00179537623209
0.91	0.71	0.005	0.00139451893856
0.93	0.71	0.005	0.00103945227964
0.95	0.71	0.005	0.000718733768806
0.97	0.71	0.005	0.000421880004561
0.99	0.71	0.005	0.000139079813196
0.01	0.73	0.005	0.968216283668
0.03	0.73	0.005	0.904873899141
0.05	0.73	0.005	0.842200941948
0.07	0.73	0.005	0.780625459601
0.09	0.73	0.005	0.720549073924
0.11	0.73	0.005	0.662338163534
0.13	0.73	0.005	0.606316631408
0.15	0.73	0.005	0.55276049904
0.17	0.73	0.005	0.501894445211
0.19	0.73	0.005	0.453890286499
0.21	0.73	0.005	0.408867288625
0.23	0.73	0.005	0.366894109875
0.25	0.73	0.005	0.327992114537
0.27	0.73	0.005	0.292139756928
0.29	0.73	0.005	0.259277723728
0.31	0.73	0.005	0.229314530875
0.33	0.73	0.005	0.202132296559
0.35	0.73	0.005	0.177592449088
0.37	0.73	0.005	0.155541172476
0.39	0.73	0.005	0.135814439307
0.41	0.73	0.005	0.118242526072
0.43	0.73	0.005	0.10265394809
0.45	0.73	0.005	0.0888787876069
0.47	0.73	0.005	0.0767514186492
0.49	0.73	0.005	0.0661126555799
0.51	0.73	0.005	0.0568113691307
0.53	0.73	0.005	0.0487056247621
0.55	0.73	0.005	0.0416634042082
0.57	0.73	0.005	0.0355629729988
0.59	0.73	0.005	0.0302929555117
0.61	0.73	0.005	0.0257521755513
0.63	0.73	0.005	0.0218493153535
0.65	0.73	0.005	0.0185024399048
0.67	0.73	0.005	0.0156384270612
0.69	0.73	0.005	0.0131923375451
0.71	0.73	0.005	0.011106752774
0.73	0.73	0.005	0.00933110281942
0.75	0.73	0.005	0.00782100172361
0.77	0.73	0.005	0.0065376029609
0.79	0.73	0.005	0.0054469840378
0.81	0.73	0.005	0.00451956604176
0.83	0.73	0.005	0.00372957133666
0.85	0.73	0.005	0.00305452049822
0.87	0.73	0.005	0.00247476792037
0.89	0.73	0.005	0.00197307423824
0.91	0.73	0.005	0.00153421274003
0.93	0.73	0.005	0.00114460622025
0.95	0.73	0.005	0.000791990207755
0.97	0.73	0.005	0.000465098138974
0.99	0.73	0.005	0.000153363806697
0.01	0.75	0.005	0.968706058691
0.03	0.75	0.005	0.906332252089
0.05	0.75	0.005	0.84459549607
0.07	0.75	0.005	0.783903801286
0.09	0.75	0.005	0.724640953322
0.11	0.75	0.005	0.667158359579
0.13	0.75	0.005	0.611768294254
0.15	0.75	0.005	0.558738763573
0.17	0.75	0.005	0.508290108042
0.19	0.75	0.005	0.460593354017
0.21	0.75	0.005	0.415770231781
0.23	0.75	0.005	0.373894698277
0.25	0.75	0.005	0.334995743599
0.27	0.75	0.005	0.299061223048
0.29	0.75	0.005	0.266042440436
0.31	0.75	0.005	0.235859211015
0.33	0.75	0.005	0.208405150521
0.35	0.75	0.005	0.183552966285
0.37	0.75	0.005	0.161159563058
0.39	0.75	0.005	0.141070816255
0.41	0.75	0.005	0.123125905608
0.43	0.75	0.005	0.107161140057
0.45	0.75	0.005	0.0930132384929
0.47	0.75	0.005	0.0805220594142
0.49	0.75	0.005	0.0695327954703
0.51	0.75	0.005	0.0598976659877
0.53	0.75	0.005	0.0514771525259
0.55	0.75	0.005	0.0441408297531
0.57	0.75	0.005	0.0377678472843
0.59	0.75	0.005	0.0322471183359
0.61	0.75	0.005	0.0274772688971
0.63	0.75	0.005	0.0233663972802
0.65	0.75	0.005	0.0198316889952
0.67	0.75	0.005	0.0167989263971
0.69	0.75	0.005	0.0142019268643
0.71	0.75	0.005	0.0119819376817
0.73	0.75	0.005	0.0100870105381
0.75	0.75	0.005	0.00847137372335
0.77	0.75	0.005	0.00709481582282
0.79	0.75	0.005	0.00592209096812
0.81	0.75	0.005	0.00492235251874
0.83	0.75	0.005	0.00406861938748
0.85	0.75	0.005	0.00333727703818
0.87	0.75	0.005	0.00270761342666
0.89	0.75	0.005	0.00216138876543
0.91	0.75	0.005	0.00168243691553
0.93	0.75	0.005	0.00125629538971
0.95	0.75	0.005	0.00086986034191
0.97	0.75	0.005	0.000511062476195
0.99	0.75	0.005	0.00016855950417
0.01	0.77	0.005	0.969173212851
0.03	0.77	0.005	0.907723619997
0.05	0.77	0.005	0.846881252502
0.07	0.77	0.005	0.787035605631
0.09	0.77	0.005	0.728553901397
0.11	0.77	0.005	0.67177353358
0.13	0.77	0.005	0.616995751126
0.15	0.77	0.005	0.564480784013
0.17	0.77	0.005	0.51444452541
0.19	0.77	0.005	0.467056793294
0.21	0.77	0.005	0.422441110979
0.23	0.77	0.005	0.380675874939
0.25	0.77	0.005	0.341796723596
0.27	0.77	0.005	0.305799884354
0.29	0.77	0.005	0.272646257863
0.31	0.77	0.005	0.242265996898
0.33	0.77	0.005	0.214563349522
0.35	0.77	0.005	0.189421559287
0.37	0.77	0.005	0.166707645491
0.39	0.77	0.005	0.146276920788
0.41	0.77	0.005	0.12797713874
0.43	0.77	0.005	0.111652197946
0.45	0.77	0.005	0.0971453603509
0.47	0.77	0.005	0.0843019681988
0.49	0.77	0.005	0.0729716661452
0.51	0.77	0.005	0.0630101522269
0.53	0.77	0.005	0.0542804938389
0.55	0.77	0.005	0.0466540530533
0.57	0.77	0.005	0.0400110701043
0.59	0.77	0.005	0.0342409553208
0.61	0.77	0.005	0.0292423388533
0.63	0.77	0.005	0.0249229248556
0.65	0.77	0.005	0.0211991928804
0.67	0.77	0.005	0.0179959846182
0.69	0.77	0.005	0.0152460091239
0.71	0.77	0.005	0.0128892946482
0.73	0.77	0.005	0.0108726103277
0.75	0.77	0.005	0.00914887645805
0.77	0.77	0.005	0.0076765779612
0.79	0.77	0.005	0.00641919201823
0.81	0.77	0.005	0.0053446376843
0.83	0.77	0.005	0.00442475262257
0.85	0.77	0.005	0.00363479985803
0.87	0.77	0.005	0.00295300561991
0.89	0.77	0.005	0.00236012786616
0.91	0.77	0.005	0.00183905391667
0.93	0.77	0.005	0.00137442471467
0.95	0.77	0.005	0.000952282545249
0.97	0.77	0.005	0.000559738525986
0.99	0.77	0.005	0.000184655820265
0.01	0.79	0.005	0.969619047855
0.03	0.79	0.005	0.909051816059
0.05	0.79	0.005	0.849064278297
0.07	0.79	0.005	0.790028790043
0.09	0.79	0.005	0.732297170959
0.11	0.79	0.005	0.676193689492
0.13	0.79	0.005	0.622009148734
0.15	0.79	0.005	0.569996261004
0.17	0.79	0.005	0.520366420887
0.19	0.79	0.005	0.473287907611
0.21	0.79	0.005	0.428885473812
0.23	0.79	0.005	0.387241213862
0.25	0.79	0.005	0.348396554543
0.27	0.79	0.005	0.312355175784
0.29	0.79	0.005	0.279086649674
0.31	0.79	0.005	0.248530581139
0.33	0.79	0.005	0.220601041382
0.35	0.79	0.005	0.195191102907
0.37	0.79	0.005	0.172177309832
0.39	0.79	0.005	0.151423946283
0.41	0.79	0.005	0.132786996524
0.43	0.79	0.005	0.116117720905
0.45	0.79	0.005	0.101265799972
0.47	0.79	0.005	0.0880820241838
0.49	0.79	0.005	0.0764205277675
0.51	0.79	0.005	0.0661405821576
0.53	0.79	0.005	0.057107977183
0.55	0.79	0.005	0.0491960270105
0.57	0.79	0.005	0.042286243249
0.59	0.79	0.005	0.0362687201057
0.61	0.79	0.005	0.0310422766193
0.63	0.79	0.005	0.0265143993328
0.65	0.79	0.005	0.0226010258071
0.67	0.79	0.005	0.0192262055596
0.69	0.79	0.005	0.0163216707178
0.71	0.79	0.005	0.0138263441979
0.73	0.79	0.005	0.0116858087791
0.75	0.79	0.005	0.0098517562237
0.77	0.79	0.005	0.0082814316886
0.79	0.79	0.005	0.00693708515843
0.81	0.79	0.005	0.00578543853944
0.83	0.79	0.005	0.00479717438036
0.85	0.79	0.005	0.00394644992464
0.87	0.79	0.005	0.00321043831415
0.89	0.79	0.005	0.00256889722187
0.91	0.79	0.005	0.00200376394924
0.93	0.79	0.005	0.00149877504125
0.95	0.79	0.005	0.00103910770917
0.97	0.79	0.005	0.000611039771482
0.99	0.79	0.005	0.000201624405012
0.01	0.81	0.005	0.970044540788
0.03	0.81	0.005	0.910319695628
0.05	0.81	0.005	0.851149092049
0.07	0.81	0.005	0.792889199017
0.09	0.81	0.005	0.735877501115
0.11	0.81	0.005	0.680425970698
0.13	0.81	0.005	0.626815523119
0.15	0.81	0.005	0.575291627219
0.17	0.81	0.005	0.52606117609
0.19	0.81	0.005	0.479290654299
0.21	0.81	0.005	0.435105572524
0.23	0.81	0.005	0.393591083167
0.25	0.81	0.005	0.354793644238
0.27	0.81	0.005	0.318723565346
0.29	0.81	0.005	0.285358249628
0.31	0.81	0.005	0.25464593825
0.33	0.81	0.005	0.226509768204
0.35	0.81	0.005	0.200851967485
0.37	0.81	0.005	0.177558031952
0.39	0.81	0.005	0.156500752837
0.41	0.81	0.005	0.137543990663
0.43	0.81	0.005	0.120546118445
0.45	0.81	0.005	0.105363082718
0.47	0.81	0.005	0.0918510542211
0.49	0.81	0.005	0.0798686600581
0.51	0.81	0.005	0.0692788056269
0.53	0.81	0.005	0.059950107356
0.55	0.81	0.005	0.0517579665736
0.57	0.81	0.005	0.0445853209223
0.59	0.81	0.005	0.0383231130604
0.61	0.81	0.005	0.0328705174476
0.63	0.81	0.005	0.0281349652495
0.65	0.81	0.005	0.0240320052889
0.67	0.81	0.005	0.0204850359192
0.69	0.81	0.005	0.0174249390538
0.71	0.81	0.005	0.0147896436445
0.73	0.81	0.005	0.0125236418945
0.75	0.81	0.005	0.0105774775901
0.77	0.81	0.005	0.00890722226057
0.79	0.81	0.005	0.00747395151533
0.81	0.81	0.005	0.00624323089608
0.83	0.81	0.005	0.00518461794791
0.85	0.81	0.005	0.00427118494476
0.87	0.81	0.005	0.00347906478939
0.89	0.81	0.005	0.00278702101519
0.91	0.81	0.005	0.00217604151567
0.93	0.81	0.005	0.00162895458049
0.95	0.81	0.005	0.00113006499095
0.97	0.81	0.005	0.000664807290704
0.99	0.81	0.005	0.000219412879756
0.01	0.83	0.005	0.970450274518
0.03	0.83	0.005	0.911528946181
0.05	0.83	0.005	0.853138311481
0.07	0.83	0.005	0.795620107018
0.09	0.83	0.005	0.739298473624
0.11	0.83	0.005	0.684473869602
0.13	0.83	0.005	0.63141786475
0.15	0.83	0.005	0.580368973445
0.17	0.83	0.005	0.531529626767
0.19	0.83	0.005	0.485064323327
0.21	0.83	0.005	0.441098940732
0.23	0.83	0.005	0.39972113805
0.25	0.83	0.005	0.36098173718
0.27	0.83	0.005	0.324896939449
0.29	0.83	0.005	0.291451213643
0.31	0.83	0.005	0.260600682817
0.33	0.83	0.005	0.23227683853
0.35	0.83	0.005	0.206390420861
0.37	0.83	0.005	0.182835318917
0.39	0.83	0.005	0.161492367259
0.41	0.83	0.005	0.142232936951
0.43	0.83	0.005	0.124922243925
0.45	0.83	0.005	0.109422320619
0.47	0.83	0.005	0.0955946183038
0.49	0.83	0.005	0.0833022263551
0.51	0.83	0.005	0.0724117105969
0.53	0.83	0.005	0.0627945854538
0.55	0.83	0.005	0.0543284441896
0.57	0.83	0.005	0.0468977780962
0.59	0.83	0.005	0.0403945195167
0.61	0.83	0.005	0.0347183454059
0.63	0.83	0.005	0.0297767781667
0.65	0.83	0.005	0.0254851191597
0.67	0.83	0.005	0.0217662479305
0.69	0.83	0.005	0.0185503171811
0.71	0.83	0.005	0.0157743700882
0.73	0.83	0.005	0.0133819029909
0.75	0.83	0.005	0.011322392898
0.77	0.83	0.005	0.0095508058357
0.79	0.83	0.005	0.0080270988639
0.81	0.83	0.005	0.00671572568721
0.83	0.83	0.005	0.00558515320642
0.85	0.83	0.005	0.00460739410466
0.87	0.83	0.005	0.00375755863351
0.89	0.83	0.005	0.00301342713854
0.91	0.83	0.005	0.00235504351556
0.93	0.83	0.005	0.0017643286901
0.95	0.83	0.005	0.00122471233321
0.97	0.83	0.005	0.000720780338552
0.99	0.83	0.005	0.000237935076233
0.01	0.85	0.005	0.970836315669
0.03	0.85	0.005	0.912679721325
0.05	0.85	0.005	0.855032044904
0.07	0.85	0.005	0.798221370267
0.09	0.85	0.005	0.742559430024
0.11	0.85	0.005	0.688335917861
0.13	0.85	0.005	0.635813592916
0.15	0.85	0.005	0.585224321827
0.17	0.85	0.005	0.536766153269
0.19	0.85	0.005	0.490601466816
0.21	0.85	0.005	0.446856186701
0.23	0.85	0.005	0.405620004654
0.25	0.85	0.005	0.366947517142
0.27	0.85	0.005	0.330860152597
0.29	0.85	0.005	0.297348744405
0.31	0.85	0.005	0.266376595419
0.33	0.85	0.005	0.23788287885
0.35	0.85	0.005	0.211786227202
0.37	0.85	0.005	0.187988373924
0.39	0.85	0.005	0.166377729851
0.41	0.85	0.005	0.146832796569
0.43	0.85	0.005	0.12922534008
0.45	0.85	0.005	0.113423269077
0.47	0.85	0.005	0.0992931818938
0.49	0.85	0.005	0.0867025638077
0.51	0.85	0.005	0.075521631548
0.53	0.85	0.005	0.0656248342333
0.55	0.85	0.005	0.0568920295689
0.57	0.85	0.005	0.0492093610872
0.59	0.85	0.005	0.0424698667667
0.61	0.85	0.005	0.0365738518231
0.63	0.85	0.005	0.0314290591929
0.65	0.85	0.005	0.0269506705633
0.67	0.85	0.005	0.0230611690974
0.69	0.85	0.005	0.0196900925554
0.71	0.85	0.005	0.0167737025911
0.73	0.85	0.005	0.0142545928367
0.75	0.85	0.005	0.0120812551428
0.77	0.85	0.005	0.0102076201701
0.79	0.85	0.005	0.00859258551636
0.81	0.85	0.005	0.00719954178229
0.83	0.85	0.005	0.00599590447578
0.85	0.85	0.005	0.00495265743324
0.87	0.85	0.005	0.00404391151243
0.89	0.85	0.005	0.00324648066632
0.91	0.85	0.005	0.00253947612673
0.93	0.85	0.005	0.00190391828646
0.95	0.85	0.005	0.00132236494516
0.97	0.85	0.005	0.000778553853259
0.99	0.85	0.005	0.000257056941669
0.01	0.87	0.005	0.971202013469
0.03	0.87	0.005	0.913770039074
0.05	0.87	0.005	0.856826894737
0.07	0.87	0.005	0.800688045524
0.09	0.87	0.005	0.745653720087
0.11	0.87	0.005	0.692003583575
0.13	0.87	0.005	0.639992125487
0.15	0.87	0.005	0.589844896655
0.17	0.87	0.005	0.541755685108
0.19	0.87	0.005	0.495884673795
0.21	0.87	0.005	0.452357577551
0.23	0.87	0.005	0.411265714853
0.25	0.87	0.005	0.372666934381
0.27	0.87	0.005	0.336587288498
0.29	0.87	0.005	0.303023326452
0.31	0.87	0.005	0.271944869391
0.33	0.87	0.005	0.243298126644
0.35	0.87	0.005	0.217009017195
0.37	0.87	0.005	0.192986570476
0.39	0.87	0.005	0.171126295122
0.41	0.87	0.005	0.15131342162
0.43	0.87	0.005	0.133425943491
0.45	0.87	0.005	0.11733740048
0.47	0.87	0.005	0.102919365301
0.49	0.87	0.005	0.0900436119168
0.51	0.87	0.005	0.0785839577667
0.53	0.87	0.005	0.0684177843272
0.55	0.87	0.005	0.0594272500105
0.57	0.87	0.005	0.0515002165564
0.59	0.87	0.005	0.0445309150403
0.61	0.87	0.005	0.0384203806071
0.63	0.87	0.005	0.033076686345
0.65	0.87	0.005	0.0284150066558
0.67	0.87	0.005	0.0243575393431
0.69	0.87	0.005	0.0208333137268
0.71	0.87	0.005	0.01777790964
0.73	0.87	0.005	0.0151331093899
0.75	0.87	0.005	0.0128465018528
0.77	0.87	0.005	0.0108710549488
0.79	0.87	0.005	0.00916466992581
0.81	0.87	0.005	0.00768972823602
0.83	0.87	0.005	0.00641263936894
0.85	0.87	0.005	0.00530339583403
0.87	0.87	0.005	0.00433513957825
0.89	0.87	0.005	0.00348374247404
0.91	0.87	0.005	0.00272740211113
0.93	0.87	0.005	0.0020462529555
0.95	0.87	0.005	0.00142199197949
0.97	0.87	0.005	0.000837517101196
0.99	0.87	0.005	0.000276576193461
0.01	0.89	0.005	0.971545677534
0.03	0.89	0.005	0.914794819151
0.05	0.89	0.005	0.858514366559
0.07	0.89	0.005	0.803008191178
0.09	0.89	0.005	0.748565923217
0.11	0.89	0.005	0.695457948927
0.13	0.89	0.005	0.643931055878
0.15	0.89	0.005	0.594204850219
0.17	0.89	0.005	0.546469030762
0.19	0.89	0.005	0.50088156334
0.21	0.89	0.005	0.457567758093
0.23	0.89	0.005	0.41662021464
0.25	0.89	0.005	0.378099567456
0.27	0.89	0.005	0.342035937735
0.29	0.89	0.005	0.308430979308
0.31	0.89	0.005	0.277260395081
0.33	0.89	0.005	0.248476796511
0.35	0.89	0.005	0.222012781212
0.37	0.89	0.005	0.197784111654
0.39	0.89	0.005	0.175692889973
0.41	0.89	0.005	0.155630638753
0.43	0.89	0.005	0.137481214112
0.45	0.89	0.005	0.121123494335
0.47	0.89	0.005	0.10643380381
0.49	0.89	0.005	0.0932880472913
0.51	0.89	0.005	0.0815635431627
0.53	0.89	0.005	0.0711405559518
0.55	0.89	0.005	0.0619035378134
0.57	0.89	0.005	0.0537420959857
0.59	0.89	0.005	0.0465517084887
0.61	0.89	0.005	0.0402342137399
0.63	0.89	0.005	0.0346981015643
0.65	0.89	0.005	0.0298586335362
0.67	0.89	0.005	0.0256378199705
0.69	0.89	0.005	0.0219642794519
0.71	0.89	0.005	0.0187730047699
0.73	0.89	0.005	0.0160050567321
0.75	0.89	0.005	0.0136072047257
0.77	0.89	0.005	0.0115315302299
0.79	0.89	0.005	0.00973500685325
0.81	0.89	0.005	0.00817906797087
0.83	0.89	0.005	0.00682917070835
0.85	0.89	0.005	0.00565436291129
0.87	0.89	0.005	0.0046268578577
0.89	0.89	0.005	0.00372161982766
0.91	0.89	0.005	0.00291596223217
0.93	0.89	0.005	0.00218915881176
0.95	0.89	0.005	0.00152206742893
0.97	0.89	0.005	0.000896765184229
0.99	0.89	0.005	0.000296192983104
0.01	0.91	0.005	0.971864068955
0.03	0.91	0.005	0.9157443635
0.05	0.91	0.005	0.860078360884
0.07	0.91	0.005	0.805159406268
0.09	0.91	0.005	0.751267484112
0.11	0.91	0.005	0.698664504288
0.13	0.91	0.005	0.647590178516
0.15	0.91	0.005	0.598258602022
0.17	0.91	0.005	0.550855620647
0.19	0.91	0.005	0.505537026826
0.21	0.91	0.005	0.462427591204
0.23	0.91	0.005	0.421620902512
0.25	0.91	0.005	0.383179958338
0.27	0.91	0.005	0.347138425091
0.29	0.91	0.005	0.313502467441
0.31	0.91	0.005	0.282253036211
0.33	0.91	0.005	0.25334849881
0.35	0.91	0.005	0.22672749731
0.37	0.91	0.005	0.20231192524
0.39	0.91	0.005	0.180009924139
0.41	0.91	0.005	0.15971881362
0.43	0.91	0.005	0.141327883243
0.45	0.91	0.005	0.124720989628
0.47	0.91	0.005	0.109778917366
0.49	0.91	0.005	0.096381476412
0.51	0.91	0.005	0.0844093215822
0.53	0.91	0.005	0.073745490839
0.55	0.91	0.005	0.0642766683811
0.57	0.91	0.005	0.0558941858528
0.59	0.91	0.005	0.0484947804712
0.61	0.91	0.005	0.0419811326079
0.63	0.91	0.005	0.0362622075736
0.65	0.91	0.005	0.0312534272569
0.67	0.91	0.005	0.0268766971047
0.69	0.91	0.005	0.0230603129297
0.71	0.91	0.005	0.0197387704058
0.73	0.91	0.005	0.0168524980655
0.75	0.91	0.005	0.0143475323066
0.77	0.91	0.005	0.0121751504865
0.79	0.91	0.005	0.0102914757473
0.81	0.91	0.005	0.00865706485635
0.83	0.91	0.005	0.00723648812025
0.85	0.91	0.005	0.00599790838837
0.87	0.91	0.005	0.00491266431675
0.89	0.91	0.005	0.00395486143594
0.91	0.91	0.005	0.0031009731515
0.93	0.91	0.005	0.00232945260172
0.95	0.91	0.005	0.00162035529113
0.97	0.91	0.005	0.000954971601435
0.99	0.91	0.005	0.000315467660409
0.01	0.93	0.005	0.972151602146
0.03	0.93	0.005	0.916601974171
0.05	0.93	0.005	0.861491243893
0.07	0.93	0.005	0.807103414394
0.09	0.93	0.005	0.753709892203
0.11	0.93	0.005	0.701565025473
0.13	0.93	0.005	0.65090218356
0.15	0.93	0.005	0.601930484975
0.17	0.93	0.005	0.554832249806
0.19	0.93	0.005	0.509761219635
0.21	0.93	0.005	0.466841554926
0.23	0.93	0.005	0.426167588633
0.25	0.93	0.005	0.387804287232
0.27	0.93	0.005	0.351788347455
0.29	0.93	0.005	0.318129839818
0.31	0.93	0.005	0.286814298567
0.33	0.93	0.005	0.257805152185
0.35	0.93	0.005	0.231046388305
0.37	0.93	0.005	0.206465351384
0.39	0.93	0.005	0.183975579612
0.41	0.93	0.005	0.163479598588
0.43	0.93	0.005	0.144871602007
0.45	0.93	0.005	0.128039963356
0.47	0.93	0.005	0.112869536344
0.49	0.93	0.005	0.0992437150372
0.51	0.93	0.005	0.0870462367612
0.53	0.93	0.005	0.0761627215592
0.55	0.93	0.005	0.0664819510164
0.57	0.93	0.005	0.0578968965928
0.59	0.93	0.005	0.0503055132099
0.61	0.93	0.005	0.0436113178357
0.63	0.93	0.005	0.037723775354
0.65	0.93	0.005	0.0325585152807
0.67	0.93	0.005	0.0280374031126
0.69	0.93	0.005	0.0240884894653
0.71	0.93	0.005	0.0206458588849
0.73	0.93	0.005	0.0176493984843
0.75	0.93	0.005	0.0150445045114
0.77	0.93	0.005	0.0127817427593
0.79	0.93	0.005	0.0108164764668
0.81	0.93	0.005	0.00910847313791
0.83	0.93	0.005	0.00762149958277
0.85	0.93	0.005	0.00632291250845
0.87	0.93	0.005	0.00518325018405
0.89	0.93	0.005	0.00417582909777
0.91	0.93	0.005	0.00327634811393
0.93	0.93	0.005	0.0024625014268
0.95	0.93	0.005	0.00171360058901
0.97	0.93	0.005	0.00101020505899
0.99	0.93	0.005	0.000333760076357
0.01	0.95	0.005	0.972399097337
0.03	0.95	0.005	0.917340231095
0.05	0.95	0.005	0.862707710896
0.07	0.95	0.005	0.808777611658
0.09	0.95	0.005	0.755814048438
0.11	0.95	0.005	0.704064925604
0.13	0.95	0.005	0.653758187352
0.15	0.95	0.005	0.605098670027
0.17	0.95	0.005	0.558265628712
0.19	0.95	0.005	0.513410980657
0.21	0.95	0.005	0.470658277815
0.23	0.95	0.005	0.430102392139
0.25	0.95	0.005	0.391809871585
0.27	0.95	0.005	0.35581990322
0.29	0.95	0.005	0.32214580327
0.31	0.95	0.005	0.290776942557
0.33	0.95	0.005	0.261681009727
0.35	0.95	0.005	0.23480651355
0.37	0.95	0.005	0.210085428729
0.39	0.95	0.005	0.187435896516
0.41	0.95	0.005	0.166764900903
0.43	0.95	0.005	0.147970852597
0.45	0.95	0.005	0.130946025367
0.47	0.95	0.005	0.11557880208
0.49	0.95	0.005	0.101755700048
0.51	0.95	0.005	0.0893631568449
0.53	0.95	0.005	0.0782890679659
0.55	0.95	0.005	0.0684240765715
0.57	0.95	0.005	0.0596626228098
0.59	0.95	0.005	0.0519037658982
0.61	0.95	0.005	0.0450517963439
0.63	0.95	0.005	0.0390166584734
0.65	0.95	0.005	0.0337142050241
0.67	0.95	0.005	0.0290663060871
0.69	0.95	0.005	0.0250008343762
0.71	0.95	0.005	0.0214515478217
0.73	0.95	0.005	0.0183578890169
0.75	0.95	0.005	0.015664719242
0.77	0.95	0.005	0.0133220027803
0.79	0.95	0.005	0.0112844551453
0.81	0.95	0.005	0.00951116673665
0.83	0.95	0.005	0.00796521141443
0.85	0.95	0.005	0.00661324756423
0.87	0.95	0.005	0.00542511747041
0.89	0.95	0.005	0.00437344922583
0.91	0.95	0.005	0.00343326400732
0.93	0.95	0.005	0.00258159033284
0.95	0.95	0.005	0.00179708588862
0.97	0.95	0.005	0.00105966666963
0.99	0.95	0.005	0.000350142532085
0.01	0.97	0.005	0.972591833555
0.03	0.97	0.005	0.917915183984
0.05	0.97	0.005	0.863655215087
0.07	0.97	0.005	0.810081892174
0.09	0.97	0.005	0.757453704668
0.11	0.97	0.005	0.70601357621
0.13	0.97	0.005	0.655985246077
0.15	0.97	0.005	0.607570217404
0.17	0.97	0.005	0.560945341925
0.19	0.97	0.005	0.516261083258
0.21	0.97	0.005	0.473640472668
0.23	0.97	0.005	0.433178744462
0.25	0.97	0.005	0.394943613929
0.27	0.97	0.005	0.358976140266
0.29	0.97	0.005	0.325292100818
0.31	0.97	0.005	0.293883791742
0.33	0.97	0.005	0.264722163762
0.35	0.97	0.005	0.237759199927
0.37	0.97	0.005	0.212930444571
0.39	0.97	0.005	0.190157598457
0.41	0.97	0.005	0.169351103525
0.43	0.97	0.005	0.15041265101
0.45	0.97	0.005	0.133237558139
0.47	0.97	0.005	0.117716970499
0.49	0.97	0.005	0.103739858798
0.51	0.97	0.005	0.0911947897644
0.53	0.97	0.005	0.0799714608201
0.55	0.97	0.005	0.0699619968243
0.57	0.97	0.005	0.061062014376
0.59	0.97	0.005	0.0531714649109
0.61	0.97	0.005	0.0461952721417
0.63	0.97	0.005	0.0400437823762
0.65	0.97	0.005	0.0346330480484
0.67	0.97	0.005	0.029884965572
0.69	0.97	0.005	0.0257272885487
0.71	0.97	0.005	0.0220935366146
0.73	0.97	0.005	0.0189228189418
0.75	0.97	0.005	0.0161595897941
0.77	0.97	0.005	0.0137533516759
0.79	0.97	0.005	0.0116583196471
0.81	0.97	0.005	0.00983305837512
0.83	0.97	0.005	0.00824010153718
0.85	0.97	0.005	0.00684556133189
0.87	0.97	0.005	0.00561873412966
0.89	0.97	0.005	0.00453170672956
0.91	0.97	0.005	0.00355896629791
0.93	0.97	0.005	0.00267701585158
0.95	0.97	0.005	0.00186399611722
0.97	0.97	0.005	0.00109931374401
0.99	0.97	0.005	0.000363275195315
0.01	0.99	0.005	0.972706511017
0.03	0.99	0.005	0.918257292727
0.05	0.99	0.005	0.864219043818
0.07	0.99	0.005	0.810858117808
0.09	0.99	0.005	0.758429676045
0.11	0.99	0.005	0.707173692308
0.13	0.99	0.005	0.657311411312
0.15	0.99	0.005	0.60904235365
0.17	0.99	0.005	0.562541935257
0.19	0.99	0.005	0.517959743058
0.21	0.99	0.005	0.475418481669
0.23	0.99	0.005	0.435013580275
0.25	0.99	0.005	0.396813425471
0.27	0.99	0.005	0.360860165966
0.29	0.99	0.005	0.327171019275
0.31	0.99	0.005	0.295739999346
0.33	0.99	0.005	0.266539977495
0.35	0.99	0.005	0.239524986837
0.37	0.99	0.005	0.214632682239
0.39	0.99	0.005	0.191786872978
0.41	0.99	0.005	0.170900053102
0.43	0.99	0.005	0.151875864238
0.45	0.99	0.005	0.134611436457
0.47	0.99	0.005	0.118999564193
0.49	0.99	0.005	0.104930685455
0.51	0.99	0.005	0.0922946432711
0.53	0.99	0.005	0.0809822180152
0.55	0.99	0.005	0.0708864277582
0.57	0.99	0.005	0.0619036009892
0.59	0.99	0.005	0.0539342317827
0.61	0.99	0.005	0.0468836318842
0.63	0.99	0.005	0.0406623972794
0.65	0.99	0.005	0.035186708736
0.67	0.99	0.005	0.0303784867191
0.69	0.99	0.005	0.0261654211463
0.71	0.99	0.005	0.0224808958282
0.73	0.99	0.005	0.0192638263027
0.75	0.99	0.005	0.0164584282519
0.77	0.99	0.005	0.0140139319337
0.79	0.99	0.005	0.0118842561619
0.81	0.99	0.005	0.0100276534289
0.83	0.99	0.005	0.00840633585887
0.85	0.99	0.005	0.00698608984854
0.87	0.99	0.005	0.00573588555353
0.89	0.99	0.005	0.00462748582628
0.91	0.99	0.005	0.00363505782562
0.93	0.99	0.005	0.00273478930817
0.95	0.99	0.005	0.00190451057743
0.97	0.99	0.005	0.00112332221066
0.99	0.99	0.005	0.000371228035589
0	0.01	0.005	0.124353001772
0	0.03	0.005	0.358357398351
0	0.05	0.005	0.554599722349
0	0.07	0.005	0.703905603937
0	0.09	0.005	0.809301070202
0	0.11	0.005	0.879826699652
0	0.13	0.005	0.925346225312
0	0.15	0.005	0.95404526018
0	0.17	0.005	0.971872745914
0	0.19	0.005	0.982845029173
0	0.21	0.005	0.989559748613
0	0.23	0.005	0.993654634315
0	0.25	0.005	0.996146530673
0	0.27	0.005	0.99766097947
0	0.29	0.005	0.998580659202
0	0.31	0.005	0.999138885837
0	0.33	0.005	0.999477619362
0	0.35	0.005	0.999683127562
0	0.37	0.005	0.999807795169
0	0.39	0.005	0.999883417469
0	0.41	0.005	0.999929287499
0	0.43	0.005	0.999957110103
0	0.45	0.005	0.999973985743
0	0.47	0.005	0.999984221475
0	0.49	0.005	0.999990429811
0	0.51	0.005	0.999994195376
0	0.53	0.005	0.999996479314
0	0.55	0.005	0.999997864594
0	0.57	0.005	0.99999870481
0	0.59	0.005	0.999999214428
0	0.61	0.005	0.999999523526
0	0.63	0.005	0.999999711004
0	0.65	0.005	0.999999824715
0	0.67	0.005	0.999999893684
0	0.69	0.005	0.999999935516
0	0.71	0.005	0.999999960889
0	0.73	0.005	0.999999976278
0	0.75	0.005	0.999999985612
0	0.77	0.005	0.999999991273
0	0.79	0.005	0.999999994707
0	0.81	0.005	0.99999999679
0	0.83	0.005	0.999999998053
0	0.85	0.005	0.999999998819
0	0.87	0.005	0.999999999284
0	0.89	0.005	0.999999999566
0	0.91	0.005	0.999999999736
0	0.93	0.005	0.99999999984
0	0.95	0.005	0.999999999903
0	0.97	0.005	0.999999999941
0	0.99	0.005	0.999999999964
1	0.01	0.005	0
1	0.03	0.005	0
1	0.05	0.005	0
1	0.07	0.005	0
1	0.09	0.005	0
1	0.11	0.005	0
1	0.13	0.005	0
1	0.15	0.005	0
1	0.17	0.005	0
1	0.19	0.005	0
1	0.21	0.005	0
1	0.23	0.005	0
1	0.25	0.005	0
1	0.27	0.005	0
1	0.29	0.005	0
1	0.31	0.005	0
1	0.33	0.005	0
1	0.35	0.005	0
1	0.37	0.005	0
1	0.39	0.005	0
1	0.41	0.005	0
1	0.43	0.005	0
1	0.45	0.005	0
1	0.47	0.005	0
1	0.49	0.005	0
1	0.51	0.005	0
1	0.53	0.005	0
1	0.55	0.005	0
1	0.57	0.005	0
1	0.59	0.005	0
1	0.61	0.005	0
1	0.63	0.005	0
1	0.65	0.005	0
1	0.67	0.005	0
1	0.69	0.005	0
1	0.71	0.005	0
1	0.73	0.005	0
1	0.75	0.005	0
1	0.77	0.005	0
1	0.79	0.005	0
1	0.81	0.005	0
1	0.83	0.005	0
1	0.85	0.005	0
1	0.87	0.005	0
1	0.89	0.005	0
1	0.91	0.005	0
1	0.93	0.005	0
1	0.95	0.005	0
1	0.97	0.005	0
1	0.99	0.005	0
0.01	0	0.005	0
0.03	0	0.005	0
0.05	0	0.005	0
0.07	0	0.005	0
0.09	0	0.005	0
0.11	0	0.005	0
0.13	0	0.005	0
0.15	0	0.005	0
0.17	0	0.005	0
0.19	0	0.005	0
0.21	0	0.005	0
0.23	0	0.005	0
0.25	0	0.005	0
0.27	0	0.005	0
0.29	0	0.005	0
0.31	0	0.005	0
0.33	0	0.005	0
0.35	0	0.005	0
0.37	0	0.005	0
0.39	0	0.005	0
0.41	0	0.005	0
0.43	0	0.005	0
0.45	0	0.005	0
0.47	0	0.005	0
0.49	0	0.005	0
0.51	0	0.005	0
0.53	0	0.005	0
0.55	0	0.005	0
0.57	0	0.005	0
0.59	0	0.005	0
0.61	0	0.005	0
0.63	0	0.005	0
0.65	0	0.005	0
0.67	0	0.005	0
0.69	0	0.005	0
0.71	0	0.005	0
0.73	0	0.005	0
0.75	0	0.005	0
0.77	0	0.005	0
0.79	0	0.005	0
0.81	0	0.005	0
0.83	0	0.005	0
0.85	0	0.005	0
0.87	0	0.005	0
0.89	0	0.005	0
0.91	0	0.005	0
0.93	0	0.005	0
0.95	0	0.005	0
0.97	0	0.005	0
0.99	0	0.005	0
0.01	1	0.005	0.972706511017
0.03	1	0.005	0.918257292727
0.05	1	0.005	0.864219043818
0.07	1	0.005	0.810858117808
0.09	1	0.005	0.758429676045
0.11	1	0.005	0.707173692308
0.13	1	0.005	0.657311411312
0.15	1	0.005	0.60904235365
0.17	1	0.005	0.562541935257
0.19	1	0.005	0.517959743058
0.21	1	0.005	0.475418481669
0.23	1	0.005	0.435013580275
0.25	1	0.005	0.396813425471
0.27	1	0.005	0.360860165966
0.29	1	0.005	0.327171019275
0.31	1	0.005	0.295739999346
0.33	1	0.005	0.266539977495
0.35	1	0.005	0.239524986837
0.37	1	0.005	0.214632682239
0.39	1	0.005	0.191786872978
0.41	1	0.005	0.170900053102
0.43	1	0.005	0.151875864238
0.45	1	0.005	0.134611436457
0.47	1	0.005	0.118999564193
0.49	1	0.005	0.104930685455
0.51	1	0.005	0.0922946432711
0.53	1	0.005	0.0809822180152
0.55	1	0.005	0.0708864277582
0.57	1	0.005	0.0619036009892
0.59	1	0.005	0.0539342317827
0.61	1	0.005	0.0468836318842
0.63	1	0.005	0.0406623972794
0.65	1	0.005	0.035186708736
0.67	1	0.005	0.0303784867191
0.69	1	0.005	0.0261654211463
0.71	1	0.005	0.0224808958282
0.73	1	0.005	0.0192638263027
0.75	1	0.005	0.0164584282519
0.77	1	0.005	0.0140139319337
0.79	1	0.005	0.0118842561619
0.81	1	0.005	0.0100276534289
0.83	1	0.005	0.00840633585887
0.85	1	0.005	0.00698608984854
0.87	1	0.005	0.00573588555353
0.89	1	0.005	0.00462748582628
0.91	1	0.005	0.00363505782562
0.93	1	0.005	0.00273478930817
0.95	1	0.005	0.00190451057743
0.97	1	0.005	0.00112332221066
0.99	1	0.005	0.000371228035589
